-1.0
-1.0
-1.0
-0.096667
-0.453333
-1.0
-1.0
-1.0
-1.0
-1.0
-1.0
-1.0
-1.0
-1.0
-1.0
-1.0
-1.0
-1.0
-1.0
-1.0
-1.0
-1.0
-1.0
-1.0
-1.0
-1.0
-1.0
-1.0
0.63
-1.0
-1.0
-1.0
-1.0
-1.0
-0.416667
-1.0
-1.0
-1.0
-1.0
-1.0
-1.0
-1.0
-1.0
-1.0
-1.0
-1.0
-1.0
-1.0
-0.99
-1.0
-1.0
-1.0
-1.0
-1.0
-1.0
-1.0
-1.0
-1.0
-1.0
-0.91
-1.0
-1.0
-1.0
-1.0
-1.0
-1.0
-0.23
-1.0
-1.0
-1.0
-1.0
-1.0
-1.0
-1.0
-1.0
-1.0
-1.0
-0.113333
-1.0
-1.0
-1.0
-1.0
0.656667
-1.0
-1.0
-1.0
-1.0
-1.0
-1.0
-1.0
0.723333
-1.0
-1.0
-1.0
-1.0
-1.0
-1.0
-1.0
-1.0
-1.0
-1.0
-1.0
-1.0
-0.22
-1.0
-1.0
-1.0
-1.0
-1.0
-1.0
-1.0
-1.0
-1.0
-1.0
-1.0
-1.0
-0.586667
-1.0
-1.0
-1.0
-1.0
-1.0
-1.0
-1.0
-1.0
-1.0
-0.336667
-1.0
-1.0
-1.0
-1.0
-1.0
-1.0
-1.0
-0.51
-1.0
-1.0
-1.0
-1.0
-1.0
-1.0
-1.0
-1.0
-1.0
-1.0
-1.0
-1.0
-1.0
-0.026667
-1.0
-1.0
-0.31
-1.0
-1.0
-1.0
-1.0
-1.0
-1.0
-1.0
-1.0
-1.0
-1.0
-1.0
-1.0
-1.0
-1.0
-1.0
-1.0
-1.0
-1.0
-1.0
-1.0
-1.0
-1.0
-1.0
-1.0
-1.0
-1.0
-1.0
-1.0
-1.0
-1.0
-1.0
-1.0
-1.0
-1.0
-0.126667
-1.0
-1.0
-1.0
-1.0
-1.0
-0.123333
-1.0
-1.0
-1.0
-1.0
-1.0
-1.0
-0.473333
-0.266667
-0.296667
-1.0
-0.723333
-1.0
-1.0
-1.0
-0.456667
-1.0
-1.0
-1.0
-1.0
-1.0
-0.25
-1.0
-1.0
-1.0
-1.0
-1.0
-1.0
-1.0
-1.0
-1.0
-1.0
-1.0
-1.0
-1.0
-1.0
-1.0
-1.0
-1.0
-1.0
-1.0
-1.0
-1.0
-1.0
-1.0
-1.0
-0.2
-1.0
-1.0
-0.376667
-1.0
-0.47
-1.0
-1.0
-1.0
-1.0
-1.0
-1.0
-1.0
-1.0
-1.0
-1.0
-1.0
-1.0
-1.0
-1.0
-1.0
-1.0
-1.0
-1.0
-1.0
-1.0
-1.0
-1.0
-1.0
0.62
-1.0
-1.0
-1.0
-1.0
-1.0
-1.0
-0.54
-1.0
-0.25
-1.0
-1.0
-1.0
-1.0
-0.63
-1.0
-1.0
-1.0
-1.0
-1.0
-1.0
-1.0
-1.0
-1.0
-1.0
-1.0
-1.0
-1.0
-1.0
-1.0
-1.0
-1.0
-1.0
-1.0
-1.0
-1.0
-1.0
-1.0
-1.0
-1.0
-1.0
-1.0
-1.0
-1.0
-1.0
-1.0
-0.06
-1.0
-1.0
-1.0
-1.0
-1.0
-1.0
-1.0
-1.0
-1.0
-1.0
-1.0
-1.0
-1.0
-1.0
-1.0
-1.0
-1.0
0.373333
-1.0
-0.206667
-0.533333
-1.0
0.653333
-1.0
-1.0
-1.0
-1.0
-1.0
-1.0
-1.0
-1.0
-1.0
-1.0
-1.0
-1.0
-1.0
-1.0
-1.0
-1.0
-1.0
-1.0
-1.0
-1.0
-1.0
-1.0
-1.0
-1.0
-1.0
-0.066667
-1.0
-1.0
-0.376667
-1.0
-1.0
-1.0
-1.0
-1.0
-1.0
-1.0
-1.0
-0.09
-1.0
-0.41
-1.0
-1.0
-1.0
-1.0
-1.0
-1.0
-1.0
-1.0
-1.0
-1.0
-1.0
-0.333333
-1.0
-1.0
-1.0
-1.0
-1.0
-1.0
-1.0
-1.0
-1.0
-1.0
-1.0
-1.0
-1.0
-1.0
-1.0
-1.0
0.673333
-1.0
-0.183333
-1.0
-1.0
-1.0
-1.0
-1.0
-1.0
-1.0
-1.0
-1.0
-1.0
-1.0
0.44
-1.0
-1.0
-1.0
-1.0
-1.0
-1.0
0.696667
-0.546667
-1.0
-0.376667
-1.0
-0.17
-1.0
-1.0
-1.0
-1.0
-1.0
-1.0
-1.0
-1.0
-1.0
-1.0
-1.0
0.256667
-1.0
-1.0
-1.0
-1.0
-1.0
-1.0
-1.0
-1.0
-1.0
-0.21
-1.0
-1.0
-1.0
-1.0
-1.0
-1.0
-1.0
-1.0
-1.0
-1.0
0.463333
-1.0
-0.423333
-1.0
0.796667
-1.0
-1.0
-1.0
-1.0
-1.0
-1.0
-1.0
-1.0
-1.0
-1.0
-1.0
-0.38
-0.17
-1.0
-1.0
-1.0
0.743333
-1.0
-1.0
-1.0
-1.0
-1.0
-1.0
-1.0
-1.0
0.913333
-0.46
-1.0
-1.0
-1.0
-1.0
0.923333
-1.0
-0.416667
-1.0
-0.33
-1.0
-1.0
-1.0
-1.0
-1.0
-1.0
-1.0
-0.373333
-1.0
-0.506667
-0.536667
-1.0
-1.0
-1.0
-1.0
-1.0
-1.0
-1.0
-1.0
-1.0
-0.193333
-0.51
-1.0
-0.343333
-1.0
-1.0
-0.533333
-1.0
-1.0
0.586667
-0.326667
-1.0
-1.0
-1.0
-0.58
-1.0
-1.0
-1.0
-1.0
-1.0
-0.683333
-0.026667
0.83
-1.0
0.436667
-1.0
-1.0
-1.0
-1.0
-0.59
-0.7
-0.213333
-1.0
-1.0
-0.406667
-0.756667
-1.0
-1.0
-0.573333
-1.0
-1.0
-1.0
-1.0
-1.0
-1.0
-1.0
-1.0
-1.0
-1.0
-1.0
-0.383333
-1.0
-1.0
-1.0
-1.0
-1.0
-1.0
-1.0
-1.0
-1.0
-1.0
-1.0
-1.0
-1.0
-1.0
-1.0
-1.0
-1.0
-1.0
-1.0
-0.696667
-1.0
-0.17
-1.0
-1.0
-1.0
-1.0
-1.0
-1.0
-0.793333
-1.0
-1.0
-1.0
-0.51
-1.0
-1.0
-0.61
-1.0
-1.0
-1.0
-0.683333
-0.603333
-1.0
-0.98
-1.0
-1.0
-1.0
-0.723333
-1.0
-1.0
-1.0
-1.0
-1.0
-0.52
-1.0
-0.366667
-1.0
-0.26
0.17
-1.0
-1.0
-0.286667
0.1
-0.946667
-1.0
-0.816667
-1.0
-0.93
-0.84
-0.79
-1.0
-1.0
-0.81
-0.42
-0.413333
0.603333
-0.416667
-1.0
0.626667
-1.0
-1.0
0.406667
-0.413333
-0.996667
-1.0
-1.0
-1.0
-1.0
-1.0
-0.26
-1.0
-0.203333
-0.303333
-1.0
-1.0
-0.416667
-0.503333
-1.0
-1.0
0.553333
-1.0
-0.583333
-0.093333
0.7
-0.42
-0.52
-0.306667
-1.0
0.64
-0.623333
-0.32
-0.893333
-1.0
-0.546667
-0.31
-1.0
-0.846667
-0.606667
0.766667
-0.65
-1.0
-1.0
0.796667
0.693333
-0.246667
-0.573333
-1.0
-0.166667
-0.686667
-0.243333
-1.0
0.666667
-1.0
0.313333
-0.303333
-1.0
-0.47
-1.0
-0.393333
-0.163333
-0.35
-0.743333
-0.36
-0.956667
-0.29
-1.0
-0.8
-0.52
-0.663333
0.59
-1.0
-1.0
-0.256667
-0.42
-0.44
-0.433333
-0.63
-0.52
-0.94
-1.0
-1.0
-0.696667
-1.0
-0.35
-0.443333
-1.0
0.313333
-1.0
-0.413333
-1.0
-0.416667
-0.94
-0.73
-1.0
-0.2
-1.0
-1.0
-1.0
-1.0
-1.0
-1.0
-1.0
-0.49
-1.0
-1.0
-0.603333
-0.23
-0.223333
-1.0
-0.426667
-1.0
0.566667
-0.87
-1.0
0.42
-0.15
0.73
-0.823333
-0.653333
-0.346667
0.57
0.53
-0.33
-0.18
-1.0
-0.933333
-1.0
-0.643333
0.693333
-1.0
-0.456667
-1.0
-1.0
-0.123333
0.703333
-0.4
-1.0
-1.0
0.373333
-1.0
-1.0
-0.6
-1.0
-1.0
-0.436667
-1.0
-1.0
-0.956667
-1.0
-0.52
-1.0
-0.586667
-0.32
-0.46
0.553333
-1.0
-1.0
-1.0
-0.36
0.676667
-1.0
-0.333333
-0.32
-0.34
-1.0
-0.866667
-0.376667
-1.0
-0.983333
-0.59
-0.093333
-0.4
-1.0
-1.0
-0.783333
0.703333
-0.38
0.77
-1.0
-0.683333
-0.646667
-0.15
-1.0
-0.286667
-1.0
0.73
-0.463333
-1.0
-0.94
-0.2
-1.0
-1.0
0.34
-1.0
-1.0
-1.0
0.446667
0.62
-0.65
-1.0
0.596667
-1.0
-0.626667
-1.0
-0.426667
-0.54
0.273333
0.513333
-0.586667
-0.993333
0.68
-0.2
-0.36
-1.0
-0.456667
-0.286667
-0.626667
-0.69
-0.866667
-1.0
-0.426667
-1.0
-1.0
-1.0
-0.28
-1.0
-1.0
-1.0
-1.0
-1.0
-1.0
-1.0
-1.0
-1.0
-1.0
-0.563333
-1.0
-0.09
-0.77
-1.0
-1.0
-1.0
-1.0
-1.0
-1.0
-1.0
-1.0
-1.0
-0.143333
-1.0
-1.0
-1.0
-1.0
-1.0
-1.0
-1.0
-0.456667
-0.793333
-1.0
-1.0
-0.386667
-0.613333
-1.0
-0.18
-1.0
-1.0
-0.783333
-1.0
-0.483333
-0.683333
-0.6
-0.36
-0.03
-0.52
-1.0
-1.0
-0.716667
-0.14
-0.346667
-1.0
-1.0
-0.133333
-1.0
-1.0
-1.0
-1.0
-1.0
-1.0
-1.0
-0.623333
-1.0
-1.0
0.403333
-0.453333
-1.0
-0.443333
-0.846667
-1.0
-0.266667
0.506667
-1.0
-1.0
-0.436667
-0.223333
-0.483333
-1.0
-1.0
-1.0
-1.0
-1.0
-0.903333
-1.0
-1.0
-1.0
-1.0
0.64
-0.93
0.63
-1.0
-0.686667
-1.0
-0.393333
-1.0
-1.0
-1.0
-0.153333
-0.31
0.183333
-1.0
-1.0
-1.0
-1.0
-1.0
-1.0
-1.0
-1.0
-1.0
-1.0
-0.436667
-0.53
-1.0
-1.0
-1.0
-1.0
-1.0
-1.0
-1.0
-1.0
-1.0
-1.0
-1.0
-1.0
-1.0
-1.0
-0.453333
-1.0
-1.0
-0.55
-1.0
-0.316667
-1.0
-1.0
-1.0
-1.0
-0.533333
-1.0
-0.443333
-0.97
-1.0
-1.0
-1.0
-1.0
-0.626667
-1.0
-1.0
0.14
-1.0
0.076667
-1.0
-1.0
-0.72
-1.0
-1.0
-1.0
-1.0
-1.0
-1.0
-1.0
-0.35
-1.0
-0.386667
-0.723333
-1.0
-1.0
-1.0
-1.0
-1.0
-0.126667
-0.973333
-1.0
-1.0
-0.32
-0.36
-1.0
-1.0
-0.26
-1.0
-1.0
-1.0
-0.423333
-1.0
-0.183333
-1.0
-0.03
-0.563333
-1.0
-0.41
-0.36
-1.0
-1.0
-0.52
-0.243333
-0.41
-1.0
-0.053333
-0.736667
-0.356667
-1.0
-0.66
-0.69
-0.356667
-1.0
-1.0
-1.0
-0.823333
-1.0
-0.496667
-1.0
-1.0
-0.466667
-0.473333
-0.206667
-1.0
-0.833333
-0.17
-1.0
-0.17
-1.0
-1.0
-0.543333
-1.0
-0.38
0.32
-1.0
-1.0
-0.98
-1.0
0.776667
0.33
-0.47
-1.0
-1.0
-0.823333
-1.0
-0.456667
-0.383333
-1.0
-1.0
-1.0
-0.85
-1.0
-1.0
-1.0
-0.49
-1.0
-1.0
-1.0
-1.0
-1.0
-1.0
-1.0
0.903333
-1.0
-1.0
-1.0
-1.0
-0.72
-0.236667
-0.383333
-0.15
-0.556667
-1.0
-1.0
-1.0
-1.0
-1.0
-0.38
0.446667
-0.406667
-0.886667
-1.0
-1.0
0.403333
0.766667
-0.606667
-1.0
0.39
-1.0
-1.0
-1.0
-0.366667
-1.0
-1.0
-0.546667
-0.376667
-1.0
-0.57
-0.463333
0.29
0.39
-0.236667
-0.8
-0.08
-0.843333
-1.0
0.633333
-1.0
-0.306667
0.58
-0.12
-1.0
-1.0
-1.0
-1.0
-1.0
-0.083333
-1.0
-1.0
-1.0
-0.04
-0.45
-1.0
-0.26
0.303333
-0.313333
0.466667
-1.0
-1.0
-0.273333
-0.43
-0.136667
-0.546667
-0.563333
0.376667
-0.63
-0.46
-0.536667
-0.086667
-1.0
-0.463333
-1.0
-0.72
-0.753333
-0.253333
-1.0
-1.0
-1.0
-0.496667
-0.503333
-1.0
-0.31
-1.0
-0.496667
-0.413333
-1.0
-0.216667
-1.0
0.743333
-0.41
-1.0
-0.233333
-1.0
-0.286667
-1.0
-0.826667
-0.403333
-1.0
-0.16
-0.803333
-0.213333
-1.0
-1.0
-1.0
-1.0
-1.0
-1.0
-1.0
-0.293333
-1.0
0.16
-1.0
-1.0
-1.0
-1.0
-1.0
-0.706667
-1.0
-1.0
-1.0
-1.0
-1.0
-1.0
-1.0
-1.0
-1.0
-1.0
-1.0
-1.0
0.753333
-1.0
-1.0
-0.253333
-0.313333
-1.0
-1.0
0.113333
-1.0
-0.343333
-1.0
-1.0
-1.0
-1.0
0.31
0.64
-0.143333
-1.0
-1.0
-0.373333
-1.0
-1.0
-0.673333
-1.0
-1.0
0.623333
-0.47
0.346667
-1.0
0.563333
-1.0
-1.0
0.816667
-1.0
-0.32
-0.87
-0.343333
-1.0
0.38
-1.0
-0.326667
-1.0
-0.743333
-0.406667
-0.643333
-0.496667
-0.406667
-1.0
0.1
0.306667
0.326667
-0.83
-0.016667
-0.56
-0.523333
-0.476667
0.626667
-1.0
-1.0
-0.816667
-1.0
-1.0
-0.476667
-1.0
0.403333
-1.0
0.256667
0.58
-1.0
-1.0
-0.256667
-0.506667
-1.0
-1.0
0.926667
-1.0
-1.0
-1.0
0.356667
-1.0
-0.503333
-1.0
-0.563333
-1.0
-0.26
-1.0
-0.176667
-1.0
0.37
0.583333
-1.0
-1.0
-1.0
-1.0
-1.0
-1.0
-1.0
-1.0
-1.0
-0.86
-1.0
0.793333
-1.0
-0.463333
-0.596667
-0.673333
0.623333
-1.0
-0.3
-1.0
-1.0
-0.12
-0.06
0.776667
-0.366667
-0.66
-0.173333
0.743333
0.16
-0.96
-0.2
-0.316667
-0.663333
0.743333
0.503333
-0.74
-1.0
0.13
-0.133333
-0.47
-1.0
-0.963333
-0.286667
-0.243333
-0.656667
-1.0
-1.0
0.246667
-1.0
-1.0
-0.26
-1.0
-0.656667
-0.393333
-1.0
-0.386667
-0.313333
-0.376667
-1.0
0.67
0.726667
-0.593333
0.416667
-0.373333
-1.0
-0.633333
0.386667
-0.403333
-0.593333
-0.423333
0.606667
-1.0
-1.0
-0.64
-0.316667
-0.436667
-1.0
-1.0
-0.173333
-0.543333
-0.22
0.716667
-1.0
-0.326667
-1.0
-0.46
-0.166667
-0.256667
0.38
-1.0
0.563333
-0.243333
-0.31
0.576667
-1.0
-0.966667
0.56
0.363333
-0.2
-1.0
-0.526667
-1.0
0.476667
0.38
0.57
0.71
-0.546667
-0.516667
0.553333
-0.49
-0.536667
-1.0
0.75
-1.0
0.653333
-1.0
0.286667
-1.0
0.54
0.793333
-0.926667
-1.0
0.69
0.453333
-0.526667
-1.0
0.523333
0.8
-0.513333
0.496667
-1.0
-1.0
-0.453333
0.6
0.366667
0.416667
-1.0
-1.0
-1.0
0.576667
-0.57
-0.39
0.313333
0.51
-0.906667
-0.466667
-1.0
-0.396667
0.576667
-1.0
-1.0
-1.0
-0.626667
-1.0
-0.526667
-0.806667
-1.0
0.26
-1.0
0.36
-0.34
0.703333
-1.0
-1.0
-1.0
0.266667
-1.0
-0.493333
-0.333333
-0.466667
-1.0
-0.67
-1.0
-0.583333
-0.443333
-1.0
-0.453333
-0.276667
0.6
-0.536667
-1.0
-1.0
-0.35
-1.0
-0.69
0.653333
-0.276667
0.506667
0.663333
-1.0
-1.0
-1.0
-0.53
0.663333
0.64
0.326667
0.8
0.37
-0.223333
-0.673333
-0.286667
0.596667
-1.0
0.67
-1.0
-1.0
-0.386667
0.81
-0.433333
0.26
-1.0
0.793333
-0.313333
-1.0
0.73
0.75
0.256667
0.566667
-1.0
0.633333
-0.53
-0.496667
-1.0
-0.32
-0.4
-1.0
-1.0
0.63
-1.0
-1.0
-1.0
-0.516667
-1.0
0.403333
-0.31
-0.196667
-0.726667
-0.393333
0.533333
-1.0
-0.153333
0.71
-1.0
-1.0
-0.703333
-0.276667
0.206667
-1.0
-0.263333
-0.22
-0.42
-0.303333
0.733333
-0.333333
-0.333333
0.686667
-0.75
-1.0
0.593333
0.63
-1.0
0.696667
0.106667
-1.0
-0.44
0.823333
0.756667
0.626667
-0.726667
-0.556667
-0.55
0.643333
-0.333333
-0.313333
-0.2
-0.273333
-1.0
-0.316667
0.893333
0.7
0.86
-1.0
0.48
-0.56
-0.623333
-1.0
-0.486667
-1.0
0.366667
-1.0
0.523333
-1.0
0.673333
0.856667
0.573333
0.6
-0.646667
0.766667
-0.406667
-0.936667
0.536667
0.223333
-0.35
-0.246667
0.49
-0.653333
0.65
0.72
-0.45
-0.293333
-0.286667
-1.0
-0.363333
-0.72
0.46
-0.34
-0.416667
0.71
-0.31
0.49
0.41
-0.533333
-0.63
-0.093333
-1.0
-0.353333
-0.316667
0.693333
-0.34
-0.373333
-0.406667
-1.0
-0.72
-0.78
-1.0
0.376667
0.61
0.663333
0.48
0.35
-1.0
-0.21
0.776667
-1.0
-0.313333
-0.256667
-0.923333
-0.49
-0.313333
-0.29
-1.0
-0.443333
0.73
-0.336667
-1.0
0.67
0.586667
-1.0
-0.223333
-0.233333
0.373333
-0.293333
-0.23
-0.246667
-1.0
-1.0
-0.41
-0.996667
0.85
0.346667
-0.473333
-0.566667
-1.0
-1.0
-1.0
0.553333
-0.516667
-1.0
-0.27
0.63
-0.646667
0.533333
0.576667
-0.25
0.846667
-0.116667
0.336667
-1.0
0.893333
0.583333
0.413333
-0.1
0.43
-0.67
-1.0
0.38
-1.0
-0.643333
-0.423333
-0.306667
0.56
-0.386667
0.476667
0.66
-0.44
-0.433333
-0.336667
0.536667
0.83
-0.56
-0.08
-0.316667
0.77
-0.413333
-0.513333
-0.25
-0.433333
-0.39
-0.71
0.48
-0.393333
-0.293333
0.706667
-0.41
0.44
0.553333
0.47
-0.296667
0.76
-0.37
0.103333
0.573333
-1.0
-1.0
-0.586667
-1.0
-0.773333
-1.0
-1.0
-0.26
0.673333
0.813333
-0.45
-0.593333
-0.446667
-0.476667
-0.476667
-1.0
-1.0
-1.0
0.813333
-0.653333
-0.316667
0.656667
0.836667
-1.0
-1.0
0.57
-1.0
-0.396667
-1.0
-1.0
0.696667
-1.0
-1.0
0.636667
-1.0
-1.0
-1.0
-1.0
0.833333
-1.0
0.813333
-0.423333
-0.423333
0.653333
-0.643333
-0.19
0.62
-1.0
-0.86
0.756667
0.276667
0.793333
-0.416667
0.53
-1.0
0.57
-0.48
0.69
0.636667
-0.52
0.64
0.516667
0.386667
-1.0
-0.353333
0.526667
0.706667
0.183333
-1.0
-1.0
0.54
0.763333
-1.0
-1.0
-0.893333
0.75
-0.4
0.63
0.63
0.706667
0.723333
-0.726667
0.49
-0.28
0.64
0.66
-0.296667
-0.7
-1.0
-0.94
-0.3
-0.48
-0.26
0.493333
0.573333
-0.78
-0.33
0.3
-0.196667
0.73
-0.39
0.623333
-0.576667
-0.453333
-1.0
-0.123333
-0.273333
-1.0
0.71
-0.433333
0.28
0.403333
0.86
0.626667
0.493333
-1.0
0.45
-0.253333
0.686667
-1.0
-1.0
-1.0
-1.0
-0.613333
-0.333333
-0.71
0.96
-0.433333
0.72
-0.896667
0.833333
0.633333
-1.0
0.603333
0.796667
0.63
-1.0
0.65
0.6
0.483333
0.56
0.513333
-0.376667
-1.0
-0.366667
-1.0
-1.0
0.153333
0.723333
-0.383333
-1.0
-0.303333
0.333333
0.646667
-0.033333
0.683333
-0.28
0.406667
0.57
-0.24
-0.276667
-1.0
-0.716667
-0.526667
-0.7
0.64
0.503333
0.753333
0.493333
0.543333
-0.836667
0.663333
0.723333
-0.463333
-0.29
-0.373333
-0.466667
-0.806667
0.713333
-0.616667
-0.55
0.453333
0.163333
-0.43
-1.0
0.56
0.59
-0.296667
0.756667
0.533333
-1.0
-1.0
0.486667
-0.303333
0.62
0.776667
0.603333
0.333333
0.676667
-0.236667
0.55
0.563333
0.766667
0.483333
0.273333
-0.483333
0.823333
-0.453333
-0.23
0.836667
-0.27
0.22
-1.0
0.69
-1.0
0.573333
0.4
-0.183333
-1.0
0.763333
0.606667
0.92
-0.126667
0.406667
0.35
-1.0
0.6
0.873333
-0.433333
-0.423333
-1.0
0.2
-0.246667
-1.0
-0.316667
-0.666667
-1.0
0.626667
0.646667
0.293333
-0.446667
0.79
-1.0
0.616667
0.15
-0.22
0.633333
0.72
0.616667
0.703333
-0.456667
-0.423333
-0.176667
-1.0
0.57
-0.49
0.57
0.743333
-0.643333
-0.403333
-1.0
0.59
-1.0
-1.0
0.47
-1.0
-0.393333
0.17
-1.0
0.443333
0.633333
-0.28
-1.0
-0.513333
-1.0
-0.263333
-0.413333
-0.776667
0.783333
0.696667
0.67
-0.31
0.766667
-1.0
-0.406667
-0.356667
-0.56
0.503333
-0.336667
0.573333
-0.61
0.62
-0.44
0.44
-0.446667
0.793333
0.756667
-1.0
-1.0
0.203333
0.723333
0.516667
0.673333
0.596667
-1.0
-1.0
-0.48
0.593333
0.673333
0.793333
-1.0
0.29
0.333333
-0.463333
-1.0
-0.28
-0.31
-1.0
-1.0
0.64
-1.0
-0.306667
-0.26
-1.0
0.556667
-0.506667
0.65
0.3
0.493333
-0.296667
-0.636667
-1.0
0.726667
-0.46
-1.0
-0.47
0.51
-0.57
-1.0
0.353333
0.436667
0.64
0.786667
-1.0
-1.0
0.7
-0.386667
-0.606667
0.393333
0.47
-0.35
-1.0
0.71
-0.25
-1.0
-1.0
0.623333
0.806667
0.643333
0.436667
0.463333
0.693333
0.496667
-1.0
-1.0
0.576667
0.743333
0.906667
-0.383333
0.753333
-0.283333
0.773333
-1.0
-0.526667
0.763333
-0.13
-0.62
0.813333
-1.0
-0.35
0.64
-0.303333
0.846667
0.636667
0.673333
0.753333
0.363333
-0.36
-1.0
0.576667
0.466667
-0.336667
-0.376667
0.856667
0.6
0.556667
-0.343333
-1.0
-0.343333
0.703333
0.773333
0.48
0.736667
-0.376667
-0.096667
0.623333
-0.663333
0.47
-0.29
0.67
0.596667
-0.373333
0.516667
0.693333
0.74
0.436667
0.73
0.203333
0.67
0.603333
0.2
0.736667
0.78
0.503333
0.35
0.58
0.796667
-0.523333
0.706667
0.546667
0.63
0.956667
0.516667
0.723333
-0.706667
-1.0
-1.0
-0.316667
-1.0
0.09
0.326667
-0.073333
0.626667
0.69
-0.426667
-0.346667
0.706667
-0.253333
0.78
0.603333
-1.0
-0.586667
0.766667
0.626667
0.313333
-0.66
-0.193333
0.406667
0.46
0.606667
-0.6
-0.416667
0.576667
0.646667
0.513333
0.456667
0.523333
0.69
0.703333
0.73
0.636667
-0.24
0.62
-1.0
-1.0
0.463333
-0.453333
0.76
0.38
0.676667
0.73
-0.38
-0.273333
0.31
0.706667
-0.2
0.713333
-0.406667
0.63
0.763333
-0.26
0.776667
0.81
0.363333
0.643333
-0.45
-0.44
0.516667
-1.0
0.523333
0.836667
0.556667
0.87
0.826667
0.78
0.666667
-0.633333
0.583333
0.736667
0.506667
0.033333
-0.31
-0.36
-0.316667
0.383333
-0.573333
0.453333
0.703333
-0.21
-1.0
0.69
-0.236667
0.076667
0.663333
-0.236667
-0.383333
0.723333
-0.386667
0.66
-0.136667
-0.643333
-0.34
0.65
-1.0
-0.276667
0.673333
-0.273333
-0.303333
-0.233333
-0.563333
0.813333
0.61
0.776667
0.626667
0.703333
-1.0
0.603333
0.693333
-1.0
-0.196667
-0.31
0.623333
0.703333
-1.0
-1.0
0.283333
-0.386667
0.55
0.516667
0.54
0.846667
0.686667
0.583333
0.68
0.863333
0.713333
0.696667
-0.316667
0.523333
-1.0
0.553333
-1.0
0.753333
0.35
0.356667
0.656667
-1.0
-0.9
0.016667
0.783333
-0.35
0.6
0.746667
-0.52
0.693333
0.803333
-0.183333
0.813333
0.606667
0.646667
0.816667
-1.0
0.69
0.743333
-0.736667
-0.426667
-1.0
-1.0
-1.0
0.653333
0.366667
0.506667
0.736667
0.756667
0.776667
-1.0
-0.43
0.65
0.863333
0.726667
0.56
0.706667
0.516667
0.796667
-1.0
0.76
0.713333
-0.453333
0.63
0.903333
0.353333
0.77
0.72
0.7
0.393333
-0.47
0.886667
0.726667
0.756667
0.446667
0.513333
-0.48
-0.283333
-0.286667
-0.326667
-1.0
0.773333
-0.323333
-1.0
0.733333
0.706667
-0.303333
0.693333
0.273333
-0.6
0.593333
-0.38
0.666667
0.83
-0.18
-1.0
0.72
-0.29
-1.0
-0.46
0.636667
-0.59
0.73
0.603333
0.173333
0.61
0.61
0.71
-0.276667
-0.22
-0.323333
0.643333
0.893333
0.69
-0.63
0.603333
0.47
0.616667
-0.386667
-1.0
0.746667
0.396667
0.723333
-0.233333
-1.0
0.556667
0.8
0.69
-0.62
-0.403333
0.543333
0.606667
0.6
-0.246667
-1.0
-0.213333
-0.393333
0.58
0.523333
-0.45
-0.163333
0.453333
-1.0
-1.0
-1.0
0.85
-0.346667
-1.0
-0.94
-0.56
0.56
0.536667
0.826667
-0.26
0.323333
0.68
-0.333333
-0.313333
0.513333
0.753333
0.81
0.583333
-0.34
0.603333
-0.61
0.706667
0.733333
-0.26
0.566667
-0.183333
0.733333
-0.45
0.746667
0.593333
0.463333
0.493333
0.78
0.673333
0.306667
0.753333
0.603333
0.77
0.826667
-0.38
0.633333
-0.3
-0.246667
0.816667
0.75
-0.156667
0.856667
0.8
0.573333
-0.276667
-0.37
0.643333
0.686667
0.783333
-0.383333
0.643333
0.706667
0.86
0.703333
0.783333
-0.863333
0.616667
0.516667
0.353333
0.68
-0.216667
-0.443333
0.54
-0.243333
0.653333
0.103333
-1.0
-0.256667
0.92
0.273333
-0.11
-0.293333
0.7
-0.336667
-0.51
0.77
-0.5
0.663333
-0.49
0.533333
-1.0
0.926667
-1.0
-0.163333
0.796667
-0.246667
-1.0
-0.15
0.623333
-1.0
0.5
0.696667
0.3
0.673333
-0.463333
0.763333
-0.78
0.583333
0.78
0.573333
-1.0
-0.43
0.726667
-1.0
0.766667
0.433333
0.94
0.846667
0.746667
0.453333
0.506667
0.636667
-1.0
-0.51
0.38
-1.0
-0.183333
-0.153333
0.653333
-1.0
-0.5
0.453333
0.59
0.736667
0.833333
0.763333
-1.0
0.296667
0.743333
0.696667
0.45
0.72
0.583333
-0.283333
0.696667
-0.286667
0.586667
-1.0
0.763333
-1.0
-0.353333
0.67
0.756667
-1.0
-0.483333
-0.43
0.59
0.6
-1.0
0.656667
0.786667
-0.55
-0.066667
0.756667
0.586667
0.593333
0.333333
0.666667
-0.256667
-0.256667
0.533333
0.753333
0.736667
0.766667
0.683333
-1.0
0.473333
0.393333
-1.0
0.706667
-0.3
0.693333
-1.0
0.563333
0.72
0.703333
0.71
0.56
-0.303333
0.566667
0.703333
0.853333
0.78
0.88
0.643333
0.57
0.773333
0.733333
0.663333
0.776667
0.586667
0.8
0.49
0.703333
0.823333
0.47
0.603333
-0.246667
-0.263333
0.69
0.73
0.606667
0.636667
-1.0
0.126667
0.766667
-0.88
0.896667
0.663333
0.013333
0.53
0.523333
0.36
0.683333
-0.27
0.95
0.66
0.603333
0.733333
0.593333
-1.0
0.79
0.516667
0.673333
0.603333
-0.353333
0.696667
0.79
-0.28
0.763333
0.766667
0.766667
0.58
-0.27
0.763333
0.526667
0.57
-0.293333
0.7
0.623333
-0.226667
0.916667
0.396667
0.666667
0.563333
0.786667
-0.523333
0.646667
0.593333
0.736667
0.766667
0.75
0.65
0.656667
0.73
0.776667
-1.0
0.546667
0.576667
0.616667
0.523333
0.62
0.536667
0.106667
0.57
0.293333
0.24
-0.276667
0.526667
0.806667
0.643333
-0.203333
-0.276667
0.7
-0.42
0.74
0.696667
0.606667
0.366667
-1.0
0.946667
-0.56
0.606667
0.54
0.623333
0.53
-0.463333
0.49
0.683333
-0.25
0.616667
0.593333
0.64
-1.0
0.67
-1.0
0.756667
-0.21
0.62
0.376667
0.743333
0.633333
0.67
0.55
-1.0
0.586667
0.543333
-0.54
0.783333
0.706667
0.673333
0.37
0.713333
0.783333
-0.556667
-0.33
0.703333
0.673333
0.796667
0.803333
-1.0
-0.37
0.81
-0.693333
-0.28
0.453333
0.696667
-0.463333
-0.386667
0.793333
-1.0
-0.3
-0.096667
0.733333
0.773333
0.703333
0.776667
0.656667
0.783333
0.646667
-1.0
0.843333
-0.1
0.57
0.813333
0.55
0.69
0.816667
0.7
0.596667
0.816667
0.73
0.74
0.646667
0.77
0.446667
-0.653333
0.72
-1.0
-1.0
0.766667
0.556667
0.346667
-0.426667
0.603333
0.516667
-0.4
0.68
-0.51
-0.656667
-0.346667
0.76
0.676667
0.493333
0.606667
0.453333
-1.0
-1.0
0.273333
0.556667
0.77
-0.88
0.686667
-0.283333
0.743333
-1.0
0.826667
-0.38
0.656667
0.566667
-1.0
0.51
0.716667
0.55
0.646667
0.573333
-0.363333
0.673333
-1.0
0.606667
0.653333
0.346667
0.74
0.75
0.416667
0.673333
0.746667
0.73
-0.443333
0.763333
0.66
0.643333
0.506667
0.696667
0.67
0.73
0.7
0.196667
-1.0
0.796667
-1.0
-0.54
-1.0
-1.0
0.603333
0.81
0.693333
0.743333
0.75
0.75
-1.0
0.723333
0.683333
0.803333
0.586667
0.263333
0.43
0.913333
0.59
0.68
0.7
0.236667
-0.673333
0.726667
0.69
-0.28
-0.39
0.466667
-1.0
0.743333
-0.37
0.463333
0.82
0.71
0.656667
0.72
0.683333
-0.476667
-0.53
0.666667
-1.0
0.703333
0.61
0.863333
-0.306667
-0.373333
-0.87
0.566667
0.69
0.7
-1.0
-1.0
0.636667
0.57
0.483333
-1.0
0.78
-1.0
0.576667
0.703333
0.756667
0.723333
-1.0
0.903333
0.666667
-1.0
0.503333
0.84
-0.303333
0.7
-0.04
0.543333
0.593333
-0.41
0.796667
0.69
0.833333
0.546667
0.723333
-1.0
0.84
0.503333
-0.286667
0.736667
0.52
0.766667
0.806667
0.766667
-0.626667
-1.0
0.563333
0.426667
0.58
0.79
0.68
0.81
0.52
0.763333
0.5
0.736667
0.663333
0.746667
0.77
0.66
0.49
0.596667
0.466667
-1.0
0.64
0.726667
0.58
-0.31
0.7
-1.0
0.54
-0.256667
-1.0
0.733333
0.51
0.58
-1.0
-1.0
-1.0
0.59
0.526667
0.826667
0.316667
0.81
0.643333
0.58
0.793333
0.68
0.366667
0.77
0.316667
0.763333
0.67
0.713333
-0.46
0.55
0.59
-1.0
0.613333
0.486667
0.62
0.316667
0.69
0.586667
0.786667
-1.0
0.606667
0.716667
0.763333
0.583333
0.696667
0.856667
0.423333
0.78
-0.406667
-0.443333
-0.533333
0.506667
-1.0
0.673333
-0.39
-1.0
0.73
0.596667
0.666667
-0.333333
0.606667
0.783333
0.68
0.536667
-1.0
0.59
0.53
0.76
0.57
-0.283333
0.513333
0.543333
0.613333
0.743333
0.71
0.803333
0.053333
-0.146667
0.636667
0.68
0.653333
0.683333
-0.543333
0.73
0.32
0.456667
0.613333
-0.79
-0.256667
0.696667
0.8
-0.266667
0.75
0.656667
0.763333
0.613333
0.683333
0.643333
0.706667
0.516667
0.78
0.72
0.67
0.763333
-1.0
0.456667
0.8
0.82
-1.0
-0.283333
0.683333
0.71
0.823333
-0.286667
0.73
0.516667
0.686667
0.726667
-0.31
0.673333
0.523333
-0.233333
0.76
0.72
0.796667
0.79
0.796667
0.293333
0.533333
0.536667
0.666667
0.58
0.646667
0.53
0.7
0.8
0.603333
-0.443333
-0.303333
0.913333
0.823333
0.863333
-0.326667
0.566667
-0.313333
0.696667
0.656667
0.786667
-1.0
0.5
0.773333
0.493333
-1.0
-0.343333
0.383333
-0.533333
0.423333
0.81
0.806667
0.593333
0.54
0.81
0.646667
0.613333
-1.0
0.89
0.863333
0.646667
0.613333
0.793333
0.573333
0.65
-1.0
0.71
0.726667
-1.0
0.716667
0.52
0.616667
-0.173333
0.666667
0.21
0.41
0.67
0.683333
0.77
0.856667
-1.0
0.74
0.433333
0.666667
0.793333
0.586667
0.763333
0.586667
0.49
0.783333
0.783333
-0.386667
0.46
0.753333
0.83
-0.24
0.786667
0.783333
-1.0
-1.0
0.63
-1.0
0.623333
-1.0
-1.0
0.68
0.766667
0.636667
-0.556667
0.736667
0.843333
0.766667
-1.0
0.706667
0.49
0.766667
0.806667
0.643333
0.586667
0.93
0.596667
0.683333
-0.373333
0.766667
0.81
0.796667
0.553333
0.54
0.636667
0.643333
0.743333
-0.493333
0.69
0.72
0.703333
0.57
0.62
0.786667
0.69
-0.373333
-0.173333
0.346667
-1.0
0.7
0.733333
0.68
-1.0
0.906667
-0.256667
-0.37
-0.323333
0.863333
0.78
-0.35
0.473333
0.683333
0.66
0.666667
0.723333
0.796667
0.4
0.69
-0.313333
-1.0
0.673333
0.683333
0.773333
0.683333
0.53
0.506667
0.503333
0.716667
0.41
-1.0
0.596667
0.673333
0.69
0.616667
-1.0
0.666667
0.57
0.35
0.696667
0.64
-1.0
-0.343333
-0.236667
0.673333
-0.123333
0.676667
0.686667
-1.0
0.636667
-0.376667
0.286667
0.896667
0.826667
0.703333
0.49
0.653333
-0.45
-0.22
0.72
0.713333
0.79
0.73
0.823333
-0.3
0.683333
0.786667
0.196667
0.693333
0.766667
-0.363333
-1.0
0.693333
-1.0
-1.0
-1.0
0.64
-1.0
0.93
-0.373333
0.666667
0.866667
-1.0
0.76
0.813333
-1.0
-1.0
0.736667
0.9
0.846667
0.826667
0.65
0.66
-1.0
0.6
0.69
0.676667
0.736667
-0.41
0.756667
-0.366667
0.71
0.903333
0.453333
0.503333
0.716667
0.343333
0.806667
0.78
0.81
0.606667
0.75
0.563333
-0.506667
0.046667
0.623333
-0.216667
-1.0
-1.0
0.686667
-0.39
0.713333
0.906667
0.55
0.82
0.946667
-1.0
-0.383333
0.523333
0.47
0.646667
0.67
0.756667
0.61
0.6
0.756667
-0.483333
0.54
0.306667
0.833333
0.5
0.063333
0.723333
0.373333
-0.22
-1.0
-1.0
0.68
-1.0
-1.0
-0.666667
0.756667
0.756667
0.74
0.406667
0.84
0.89
0.623333
0.686667
-0.256667
-0.173333
-1.0
0.746667
-0.416667
0.806667
0.583333
0.713333
0.683333
0.653333
-0.65
0.716667
-1.0
0.783333
-1.0
0.723333
0.616667
0.723333
0.58
0.793333
0.516667
-1.0
-0.453333
-0.266667
0.723333
-0.326667
-0.283333
0.306667
-0.226667
0.573333
-1.0
0.616667
0.726667
-1.0
0.77
0.73
0.22
0.713333
0.826667
0.75
0.653333
0.616667
0.67
0.706667
-0.366667
-0.326667
0.723333
0.783333
0.793333
0.55
0.733333
-1.0
0.38
0.666667
-0.293333
0.74
-0.376667
-0.346667
0.673333
0.75
-0.263333
0.773333
0.83
-0.42
0.746667
-1.0
0.58
0.926667
0.766667
-0.293333
0.91
0.576667
-0.273333
-0.086667
0.846667
0.88
0.6
0.516667
-0.726667
-1.0
0.566667
0.826667
-0.3
0.79
0.793333
0.62
0.836667
0.81
0.56
0.84
0.85
0.653333
0.766667
-0.57
-0.383333
0.79
-0.516667
0.48
0.626667
0.553333
0.796667
0.743333
0.693333
0.876667
0.643333
0.773333
0.666667
0.786667
0.806667
0.786667
0.643333
-0.403333
0.78
-0.306667
0.706667
0.73
0.683333
0.623333
-0.43
-0.31
-0.396667
-0.233333
0.6
0.656667
0.826667
-1.0
-0.163333
0.806667
0.846667
0.736667
0.64
0.81
0.386667
-0.233333
0.783333
0.626667
0.736667
0.686667
0.783333
-0.313333
-1.0
0.556667
0.733333
0.833333
0.696667
-1.0
0.566667
0.836667
-0.39
0.793333
0.846667
0.453333
-1.0
0.47
0.666667
0.823333
0.59
0.823333
0.603333
0.71
0.696667
0.73
-0.303333
-0.253333
0.536667
0.83
-0.303333
-1.0
0.623333
-1.0
-1.0
0.486667
0.61
0.636667
0.67
0.706667
-0.3
0.58
-0.236667
0.756667
0.66
0.76
-0.35
0.573333
-0.33
0.796667
-0.34
0.653333
-0.41
0.76
0.81
0.76
0.693333
0.753333
0.713333
0.766667
0.723333
0.833333
0.823333
-1.0
-1.0
0.823333
0.693333
0.773333
0.73
-0.2
0.546667
0.786667
0.816667
0.816667
0.683333
0.716667
0.456667
0.716667
0.806667
0.723333
0.733333
0.613333
0.633333
-0.376667
0.696667
0.573333
-1.0
0.703333
0.82
-1.0
0.68
-0.34
0.596667
0.656667
-0.123333
-1.0
-0.31
0.856667
-0.316667
0.736667
-0.303333
-0.453333
0.806667
0.883333
0.626667
-0.383333
0.586667
0.526667
0.646667
-0.343333
0.573333
0.733333
-1.0
0.773333
0.806667
-0.323333
0.29
-0.14
0.836667
-1.0
0.746667
0.143333
0.486667
0.536667
0.886667
0.676667
-1.0
0.616667
-0.17
0.666667
0.84
0.856667
0.77
0.903333
0.76
0.71
0.723333
0.58
0.59
0.616667
0.786667
0.67
0.71
0.646667
-0.453333
-0.26
0.676667
-0.376667
0.686667
0.616667
0.413333
0.6
0.596667
0.823333
0.366667
0.84
0.653333
-1.0
0.7
-0.166667
-0.49
0.866667
-1.0
0.803333
0.716667
0.88
0.763333
-0.363333
0.733333
0.753333
0.796667
0.76
0.776667
0.633333
0.713333
0.76
0.73
0.776667
0.77
0.713333
0.773333
0.493333
-1.0
0.766667
0.726667
0.76
0.6
0.67
-0.613333
-0.376667
0.833333
0.753333
0.66
0.493333
0.726667
0.76
0.74
0.853333
0.723333
0.663333
0.67
0.633333
0.626667
0.803333
0.766667
0.646667
0.513333
0.65
-0.48
0.673333
0.783333
0.733333
-0.33
0.683333
0.72
0.646667
0.826667
0.673333
0.466667
-0.5
0.58
0.723333
0.713333
0.55
-0.6
0.383333
0.686667
0.62
0.596667
-0.463333
0.45
-0.313333
-0.21
0.66
0.58
0.523333
0.883333
0.533333
0.526667
-0.33
0.623333
-1.0
0.836667
0.673333
0.816667
0.79
0.56
0.783333
-0.216667
0.573333
0.766667
0.566667
0.646667
0.803333
0.683333
-0.283333
0.586667
0.97
0.756667
-1.0
0.63
0.086667
0.403333
0.753333
0.38
0.736667
-0.283333
0.783333
0.493333
0.71
0.78
-1.0
0.523333
0.87
0.713333
0.616667
0.733333
0.593333
0.673333
0.756667
0.77
0.783333
-0.62
0.633333
0.756667
0.496667
-0.426667
0.653333
-0.396667
0.623333
0.733333
0.77
0.33
0.633333
0.7
0.62
-0.34
0.666667
0.636667
0.773333
0.653333
0.616667
0.883333
0.743333
0.856667
0.55
0.746667
0.686667
0.786667
0.643333
0.623333
-1.0
0.57
0.843333
0.803333
0.603333
0.873333
-0.376667
-0.313333
0.773333
0.736667
0.796667
0.876667
0.76
0.593333
0.663333
0.783333
0.806667
0.863333
-0.413333
0.69
-0.71
0.61
0.386667
0.826667
0.72
0.566667
0.566667
0.603333
-0.243333
0.386667
0.826667
0.613333
-1.0
0.9
0.77
0.583333
0.783333
0.776667
0.62
0.793333
0.143333
-0.656667
0.59
0.746667
0.776667
0.646667
0.676667
0.116667
0.683333
0.786667
0.77
0.576667
0.596667
-0.3
0.686667
0.473333
0.843333
-1.0
0.73
0.126667
0.72
0.593333
0.763333
0.76
0.87
0.546667
0.62
-1.0
0.636667
0.703333
0.773333
-0.193333
0.89
0.696667
0.77
0.876667
0.86
0.76
0.663333
0.436667
0.866667
-1.0
0.623333
0.69
0.663333
0.663333
0.716667
0.766667
0.22
-0.333333
-0.263333
0.61
0.733333
0.78
0.61
0.8
0.76
0.866667
0.65
-0.166667
0.686667
0.806667
0.763333
0.543333
0.653333
-0.233333
0.736667
-0.17
0.823333
0.653333
0.516667
0.516667
0.453333
0.573333
0.826667
0.756667
0.756667
0.62
0.763333
0.76
0.783333
-0.193333
0.53
0.67
0.816667
0.64
0.773333
0.58
0.68
0.766667
0.53
-0.366667
0.626667
-0.45
0.773333
-0.166667
-0.28
0.78
0.7
0.343333
0.6
0.7
0.656667
0.723333
-1.0
0.563333
0.833333
0.81
0.336667
0.716667
-0.173333
0.68
0.58
0.69
-0.3
0.663333
0.593333
-0.303333
0.633333
-1.0
0.67
0.673333
-0.3
0.573333
0.586667
0.606667
0.566667
0.76
0.706667
-1.0
0.606667
0.706667
0.613333
0.68
0.773333
0.856667
0.76
-0.31
-0.283333
0.803333
0.696667
0.853333
-0.286667
0.856667
0.72
0.583333
0.696667
0.753333
0.71
-0.64
0.74
-0.34
0.88
-0.243333
0.633333
0.666667
0.583333
0.6
0.4
0.626667
0.49
0.733333
0.64
0.653333
0.636667
0.69
0.773333
0.72
0.753333
0.516667
0.666667
0.576667
0.786667
0.673333
0.876667
0.653333
-1.0
0.633333
-0.293333
-1.0
0.656667
0.72
0.68
0.93
-0.176667
0.663333
0.603333
-0.37
-0.313333
0.766667
-0.65
0.75
-0.33
0.58
0.46
0.736667
0.826667
0.873333
0.773333
0.726667
0.41
-0.296667
0.556667
0.653333
0.723333
0.856667
0.756667
-0.23
0.663333
0.463333
0.636667
0.616667
0.726667
0.756667
0.566667
-0.326667
0.796667
0.73
0.613333
0.786667
0.703333
0.29
0.82
0.64
0.73
0.803333
0.593333
0.813333
0.663333
0.473333
0.706667
0.87
0.693333
0.593333
0.68
0.6
0.826667
0.75
0.8
0.433333
0.646667
0.213333
0.753333
-0.36
0.8
0.856667
0.826667
0.85
-1.0
0.363333
0.68
0.406667
0.676667
0.863333
0.576667
0.616667
0.91
0.42
0.566667
-0.063333
-0.293333
0.61
0.673333
-0.233333
0.793333
-0.256667
0.473333
0.083333
-1.0
-0.363333
0.763333
0.686667
0.72
0.756667
0.613333
0.863333
0.603333
0.54
0.793333
0.6
-0.64
0.646667
0.836667
0.69
0.666667
0.81
0.74
0.836667
-1.0
0.673333
0.633333
0.726667
0.916667
0.736667
0.81
-1.0
-1.0
0.806667
0.88
0.56
0.54
0.833333
0.85
0.6
0.566667
-0.406667
0.71
0.86
0.776667
0.693333
0.656667
0.666667
0.656667
0.86
0.526667
-1.0
0.766667
-1.0
0.606667
0.54
0.843333
0.663333
0.71
0.446667
0.76
0.66
0.753333
0.05
0.676667
0.753333
0.896667
0.71
0.793333
-1.0
-0.4
0.816667
0.753333
0.293333
0.603333
0.713333
0.816667
-0.4
0.646667
0.703333
0.806667
0.806667
-0.413333
0.746667
0.64
-0.23
0.826667
0.706667
0.706667
0.683333
0.683333
0.673333
0.743333
0.853333
-1.0
0.74
0.813333
0.853333
0.783333
0.83
0.753333
0.803333
-0.67
0.573333
0.68
0.576667
-0.24
0.773333
-1.0
-0.423333
0.836667
0.483333
-1.0
0.686667
0.77
-1.0
0.53
0.8
0.593333
0.396667
0.78
-0.303333
0.743333
-1.0
0.77
0.703333
0.663333
-0.233333
0.626667
0.723333
0.766667
0.916667
0.663333
0.586667
0.466667
0.81
-0.306667
0.773333
0.823333
0.826667
0.88
-1.0
-0.246667
0.803333
0.943333
0.216667
0.766667
0.456667
0.55
0.116667
0.673333
-0.36
0.646667
-0.313333
0.78
-0.253333
0.653333
0.656667
0.593333
0.6
0.74
0.74
0.676667
0.71
-1.0
-0.416667
0.806667
0.703333
0.723333
0.656667
0.68
-0.243333
0.56
0.806667
0.633333
-0.21
0.79
-0.3
0.606667
0.72
-1.0
0.856667
0.84
0.65
0.783333
0.55
0.57
0.81
0.783333
0.873333
-0.246667
-0.296667
0.576667
0.743333
0.58
0.606667
0.666667
0.666667
0.73
-1.0
0.77
0.796667
0.7
-0.393333
0.67
0.733333
0.753333
0.916667
0.756667
0.753333
0.66
0.736667
0.783333
0.616667
0.61
-0.57
0.7
0.573333
0.563333
0.883333
0.886667
0.736667
0.726667
0.586667
0.793333
0.843333
0.87
0.726667
0.576667
0.17
0.773333
0.773333
0.953333
0.59
-0.32
0.76
-0.243333
0.733333
0.646667
-1.0
0.563333
0.75
0.753333
0.516667
0.58
0.676667
0.873333
0.786667
0.746667
0.666667
0.18
0.556667
-0.273333
0.78
-1.0
0.693333
0.606667
-0.226667
0.65
-0.28
0.773333
-1.0
0.713333
0.1
0.633333
-1.0
0.696667
0.663333
0.65
-1.0
0.856667
-0.54
0.76
0.743333
-0.246667
0.836667
0.68
0.7
0.716667
0.703333
0.4
0.803333
0.316667
0.793333
0.683333
0.6
-0.836667
0.72
-1.0
0.826667
0.716667
0.783333
0.736667
0.743333
0.663333
0.763333
0.786667
0.72
0.77
-1.0
0.56
-0.996667
0.553333
0.64
0.523333
0.766667
0.526667
0.766667
0.74
-1.0
0.736667
0.706667
0.743333
0.76
0.63
0.84
0.53
-1.0
-1.0
0.52
0.676667
0.753333
0.673333
0.543333
0.676667
0.753333
0.73
0.66
0.63
0.823333
0.563333
0.676667
-1.0
0.826667
0.8
-0.206667
-1.0
0.756667
0.94
0.716667
0.613333
0.91
-0.49
-0.256667
-1.0
0.496667
0.78
0.763333
0.686667
0.673333
0.866667
-1.0
0.57
0.4
0.813333
0.793333
0.74
0.706667
0.77
0.813333
0.663333
0.49
0.643333
0.56
0.72
0.866667
0.71
0.74
0.616667
0.59
0.566667
0.466667
0.636667
0.8
0.656667
0.683333
0.746667
0.756667
0.77
0.726667
-1.0
0.763333
0.706667
0.85
0.78
0.79
0.716667
0.323333
0.723333
0.91
0.733333
0.833333
0.663333
0.743333
0.893333
0.91
0.656667
-1.0
0.686667
-0.466667
0.66
0.573333
0.763333
-0.23
-1.0
-0.3
0.553333
0.466667
0.55
0.716667
0.636667
0.85
-0.33
0.75
0.643333
-0.26
0.713333
0.726667
0.613333
0.746667
0.653333
0.53
0.74
-1.0
0.686667
0.09
0.613333
0.813333
-0.146667
0.676667
0.596667
0.643333
0.563333
0.783333
-0.333333
0.486667
-0.326667
0.39
0.42
0.676667
0.683333
0.893333
0.523333
0.666667
0.743333
0.763333
0.836667
-0.446667
0.54
0.653333
-1.0
-0.593333
0.543333
0.676667
0.743333
-0.246667
0.76
0.753333
0.723333
0.563333
0.75
0.733333
0.393333
-0.266667
0.736667
0.636667
0.53
0.546667
0.73
0.773333
0.616667
0.686667
0.616667
0.723333
0.786667
0.71
-1.0
-1.0
0.806667
0.703333
0.68
0.716667
0.656667
0.73
0.753333
0.683333
0.7
0.58
0.7
0.696667
0.626667
0.726667
0.773333
0.72
0.81
0.673333
-0.323333
0.866667
0.74
0.716667
0.74
0.886667
-1.0
-0.77
0.7
0.766667
0.943333
0.456667
0.7
0.64
0.91
0.843333
0.846667
0.69
0.763333
0.81
-0.306667
0.8
0.616667
0.69
0.646667
0.48
0.713333
0.786667
0.783333
0.863333
0.626667
0.743333
0.656667
-1.0
0.86
-0.503333
0.64
0.506667
-1.0
0.663333
0.856667
0.823333
0.69
0.91
0.656667
0.743333
0.626667
0.693333
0.65
0.516667
0.82
0.733333
0.713333
0.613333
0.743333
0.776667
0.653333
0.656667
-1.0
0.813333
0.803333
0.846667
-0.316667
0.74
0.59
0.213333
0.64
0.5
0.723333
0.546667
0.66
0.753333
0.686667
-0.803333
0.683333
0.663333
0.773333
0.59
0.78
0.626667
0.496667
-0.193333
0.563333
0.79
0.49
0.733333
-1.0
-0.413333
0.76
0.67
-1.0
0.686667
-1.0
-1.0
0.4
0.78
0.57
-0.34
-0.333333
0.606667
0.626667
0.863333
0.69
0.67
0.696667
0.57
0.69
0.88
0.62
0.59
0.693333
-0.626667
0.703333
-0.55
-0.326667
0.773333
0.593333
0.683333
-0.073333
0.54
0.423333
0.59
0.796667
0.43
0.816667
0.4
0.66
0.85
0.736667
-0.38
0.63
0.736667
0.803333
0.686667
0.65
0.77
0.76
0.813333
0.37
0.76
0.683333
0.8
-1.0
0.7
-0.49
0.743333
0.65
0.643333
0.856667
0.77
0.71
-0.35
0.7
0.696667
0.556667
0.763333
0.046667
0.79
-0.166667
-0.34
0.866667
-0.276667
0.483333
0.636667
0.68
0.346667
0.653333
0.76
0.766667
0.74
-1.0
0.54
0.803333
0.726667
0.636667
0.546667
0.803333
0.843333
0.873333
0.723333
0.663333
0.546667
0.556667
-0.316667
-1.0
-0.106667
0.523333
-1.0
0.956667
0.926667
0.676667
0.846667
0.683333
0.71
0.77
-1.0
0.736667
0.713333
0.75
0.586667
0.986667
0.683333
0.83
0.716667
0.74
0.423333
0.87
-0.3
0.773333
-0.273333
0.683333
0.696667
0.663333
0.743333
0.68
0.806667
-0.28
0.59
0.213333
0.16
0.743333
0.71
0.673333
0.796667
0.733333
0.68
-1.0
0.743333
0.553333
-0.15
-1.0
0.69
0.62
-1.0
0.663333
0.663333
0.546667
0.73
0.633333
0.71
0.546667
0.676667
-0.766667
0.76
0.69
0.78
0.77
0.773333
0.66
0.64
0.56
0.55
0.656667
0.863333
0.646667
-0.296667
0.736667
0.743333
0.736667
0.683333
0.693333
0.653333
0.093333
-1.0
0.796667
0.903333
0.69
-1.0
0.696667
0.856667
-0.703333
0.786667
-0.313333
0.686667
0.673333
0.673333
0.423333
0.876667
0.82
0.726667
0.8
0.64
0.796667
0.923333
0.803333
0.843333
0.766667
0.676667
0.753333
0.67
0.22
0.666667
0.823333
0.52
0.713333
0.683333
-1.0
0.683333
0.67
0.876667
0.816667
0.776667
0.586667
0.72
0.566667
0.013333
0.783333
0.57
0.746667
0.74
0.583333
0.883333
0.54
-1.0
-0.256667
0.786667
-0.063333
0.633333
-1.0
0.81
0.753333
-1.0
0.81
0.633333
0.63
0.81
0.66
0.803333
0.596667
0.77
0.773333
-0.38
0.863333
0.99
0.953333
0.643333
-0.32
0.793333
0.456667
0.516667
-1.0
-1.0
-1.0
0.56
0.86
0.743333
-1.0
0.726667
-1.0
0.896667
0.643333
0.713333
0.736667
0.746667
0.636667
0.616667
0.776667
-1.0
0.966667
0.633333
0.863333
-1.0
0.696667
-0.36
0.746667
0.733333
0.55
0.76
0.803333
0.746667
0.573333
-0.293333
0.706667
0.743333
0.773333
0.146667
0.916667
0.726667
-0.176667
0.14
0.783333
0.636667
0.753333
0.763333
0.653333
0.75
0.73
-0.29
0.74
0.756667
0.526667
0.723333
0.703333
0.936667
0.51
0.71
0.6
-0.38
0.853333
0.743333
0.68
0.823333
0.686667
-0.716667
-0.71
-0.18
0.686667
0.62
0.79
0.793333
0.553333
0.383333
-0.356667
-0.536667
0.723333
0.63
-0.25
-1.0
0.746667
0.963333
0.743333
0.603333
0.703333
0.58
0.826667
0.803333
0.74
0.763333
-0.553333
0.32
0.553333
0.44
0.716667
0.586667
-1.0
0.583333
0.733333
-1.0
0.6
0.8
0.716667
0.676667
0.72
0.586667
0.656667
0.813333
0.67
0.56
0.606667
0.713333
0.733333
0.723333
-1.0
0.733333
0.806667
0.756667
0.736667
0.68
0.663333
-0.34
0.843333
0.806667
0.703333
0.756667
0.946667
0.79
0.726667
0.836667
0.556667
0.65
-1.0
0.706667
0.8
0.62
0.433333
0.693333
0.893333
0.743333
0.746667
0.576667
-1.0
0.573333
-1.0
0.89
0.793333
0.616667
0.743333
0.633333
0.726667
0.746667
-0.236667
0.736667
0.776667
-1.0
0.886667
0.713333
0.71
0.796667
0.77
0.733333
0.763333
0.803333
0.52
0.733333
0.576667
-1.0
0.806667
0.683333
0.756667
0.753333
0.59
0.816667
0.833333
0.793333
0.496667
0.723333
0.526667
0.743333
-1.0
0.75
-1.0
0.646667
0.713333
0.636667
0.623333
0.6
0.726667
0.746667
0.82
-0.35
0.603333
0.563333
0.63
0.67
0.713333
0.713333
0.846667
-0.27
-0.69
0.573333
0.636667
0.756667
0.796667
-0.32
0.28
0.746667
0.783333
-1.0
0.836667
0.74
0.716667
0.67
-0.186667
0.766667
0.756667
0.693333
-0.29
0.776667
-0.223333
0.863333
0.766667
0.813333
0.603333
0.66
0.803333
0.503333
0.8
0.756667
0.803333
0.653333
0.846667
0.266667
0.74
-1.0
0.58
0.743333
0.663333
0.676667
0.626667
0.643333
0.81
0.783333
0.573333
0.586667
-0.456667
0.51
0.633333
-0.466667
0.633333
0.623333
0.643333
0.73
0.72
0.723333
0.716667
0.633333
0.636667
0.76
0.623333
0.37
0.78
0.8
0.566667
0.516667
0.883333
-0.426667
0.716667
0.833333
0.72
0.693333
-0.5
0.746667
0.68
0.786667
0.816667
0.593333
-0.44
0.656667
0.716667
0.64
0.826667
0.48
0.643333
0.696667
0.7
0.81
0.793333
0.62
0.68
0.75
0.856667
-0.346667
0.783333
0.82
0.583333
0.77
0.76
0.733333
0.743333
0.683333
-0.206667
0.776667
0.756667
0.856667
0.783333
0.63
0.813333
0.66
-0.4
0.573333
0.803333
-0.286667
0.686667
0.753333
0.806667
0.75
0.77
0.72
0.596667
0.77
0.693333
0.683333
0.736667
0.563333
0.606667
0.806667
0.686667
0.41
0.773333
0.71
0.676667
0.74
0.82
0.786667
0.586667
0.716667
0.713333
0.623333
-1.0
0.656667
0.673333
-1.0
0.833333
0.906667
0.796667
0.8
0.81
0.7
0.783333
0.693333
0.713333
0.73
0.49
0.503333
0.736667
0.856667
0.23
0.56
0.81
-0.333333
0.803333
0.596667
0.706667
0.786667
0.733333
0.673333
0.776667
0.603333
0.74
0.233333
0.523333
-1.0
0.72
0.84
0.816667
0.743333
0.743333
0.75
0.56
0.743333
0.786667
0.713333
0.626667
0.74
0.7
0.733333
-1.0
0.73
0.683333
-1.0
0.836667
0.646667
-1.0
0.653333
0.706667
0.87
0.76
0.61
0.76
-0.543333
-1.0
0.7
0.69
0.86
0.733333
0.596667
0.856667
0.753333
0.84
0.73
0.85
0.523333
0.59
0.743333
-1.0
0.646667
0.603333
0.593333
-0.2
0.816667
0.853333
0.91
0.73
0.626667
-0.34
0.696667
0.696667
-0.253333
0.523333
0.88
0.846667
0.803333
0.7
0.54
0.733333
0.723333
0.71
-1.0
0.57
0.836667
0.893333
0.703333
0.66
0.766667
0.713333
0.83
0.77
0.47
-0.55
0.813333
0.823333
0.696667
-1.0
0.75
0.783333
0.726667
0.8
0.663333
0.686667
0.63
-0.253333
0.776667
0.713333
0.693333
-1.0
0.76
0.623333
0.676667
0.746667
0.73
0.793333
0.816667
0.843333
0.706667
-1.0
0.833333
0.79
0.506667
-1.0
0.79
0.433333
0.81
0.706667
-0.686667
-0.28
0.76
0.703333
0.846667
0.95
0.856667
-0.336667
0.73
0.78
0.6
0.836667
-1.0
0.53
0.806667
0.636667
-1.0
0.573333
0.756667
0.54
0.783333
0.79
0.813333
-0.013333
0.563333
0.79
0.79
0.75
0.563333
0.776667
-0.31
0.76
0.82
0.896667
0.776667
0.743333
0.853333
0.68
0.823333
0.513333
0.82
0.803333
-0.543333
0.626667
0.73
0.743333
0.676667
0.596667
0.573333
0.896667
0.86
0.68
0.796667
0.486667
0.776667
0.716667
0.733333
0.726667
0.76
-0.35
0.746667
0.766667
0.633333
0.663333
0.77
0.83
0.81
0.74
0.88
0.79
-1.0
0.79
0.67
0.796667
0.746667
0.693333
0.75
0.576667
0.44
0.623333
-0.343333
0.72
-0.35
0.86
0.626667
0.703333
0.34
0.6
0.803333
0.606667
0.72
0.74
0.69
-0.31
0.706667
0.78
0.823333
0.836667
0.91
0.753333
0.586667
0.633333
0.623333
-0.35
0.5
0.61
0.656667
0.893333
0.633333
0.636667
0.4
0.613333
0.666667
0.766667
0.453333
0.843333
0.713333
0.78
0.713333
0.643333
0.656667
0.653333
0.723333
0.783333
0.943333
0.836667
0.69
0.633333
0.703333
-1.0
0.78
0.673333
0.75
-0.213333
-0.303333
0.62
0.753333
0.74
0.836667
0.486667
0.676667
0.513333
0.81
0.64
-1.0
0.553333
0.813333
-1.0
0.636667
0.86
0.57
-1.0
0.766667
-1.0
0.663333
0.71
0.803333
0.813333
0.766667
-1.0
0.663333
-1.0
-1.0
0.333333
0.6
0.693333
0.673333
0.593333
0.783333
0.45
0.686667
0.383333
0.713333
-0.343333
0.793333
-1.0
0.463333
0.596667
0.55
0.23
0.716667
0.793333
0.663333
0.736667
0.526667
0.773333
0.806667
0.486667
-1.0
0.08
0.766667
0.716667
-1.0
0.526667
0.79
0.74
0.386667
-0.243333
0.84
-0.356667
0.723333
0.67
0.856667
-0.426667
0.726667
0.753333
0.64
0.766667
0.823333
0.606667
0.656667
0.74
-1.0
0.61
0.706667
0.74
0.67
0.4
0.373333
0.18
0.733333
0.603333
-1.0
-1.0
0.003333
0.78
0.716667
0.653333
0.756667
0.906667
0.84
-0.593333
0.68
0.87
-1.0
-1.0
0.726667
0.41
0.646667
0.75
0.363333
0.053333
0.786667
0.696667
0.706667
0.66
-1.0
0.706667
0.736667
0.58
0.826667
-1.0
0.496667
0.883333
0.686667
0.273333
0.736667
-1.0
0.676667
0.513333
0.623333
0.626667
0.776667
0.77
-0.303333
0.663333
-0.213333
0.71
0.733333
0.163333
-1.0
0.826667
-1.0
0.716667
0.79
-1.0
0.726667
0.706667
0.736667
-1.0
0.51
0.53
-0.206667
0.633333
0.746667
0.796667
0.753333
0.733333
-1.0
0.596667
0.67
0.823333
0.806667
0.856667
0.52
0.336667
0.84
0.8
0.62
0.776667
0.22
-0.2
0.68
0.986667
-0.336667
0.676667
0.583333
0.75
-1.0
0.683333
0.693333
0.386667
-1.0
0.783333
0.793333
0.706667
-0.363333
0.7
0.756667
0.683333
0.543333
0.77
-0.323333
0.656667
0.796667
0.52
0.606667
0.633333
0.806667
-1.0
0.62
0.763333
0.58
0.686667
0.64
0.66
-1.0
0.813333
0.49
0.556667
0.703333
0.92
-1.0
0.86
0.75
-1.0
-1.0
0.8
0.89
0.796667
0.543333
0.78
-0.176667
0.256667
0.736667
0.67
0.71
0.586667
0.706667
0.536667
0.743333
0.586667
0.693333
0.846667
0.61
0.736667
0.816667
-1.0
0.846667
0.783333
0.613333
0.656667
0.71
0.713333
0.706667
-0.176667
0.44
0.653333
0.676667
0.703333
0.693333
-1.0
0.683333
0.713333
-0.35
0.686667
0.893333
0.723333
0.67
0.853333
0.666667
0.853333
-1.0
-1.0
0.76
0.57
0.706667
0.773333
-1.0
0.603333
0.75
0.606667
-1.0
-0.32
0.623333
0.81
-1.0
0.75
-1.0
0.763333
0.606667
0.736667
-1.0
0.78
0.596667
-1.0
0.753333
0.776667
-0.366667
0.52
-1.0
0.723333
0.7
0.686667
-1.0
0.8
-1.0
0.76
-1.0
0.786667
0.513333
0.56
0.573333
-0.573333
-1.0
0.696667
-1.0
0.68
-1.0
-0.353333
0.563333
0.53
0.863333
0.753333
0.21
-1.0
0.786667
0.836667
0.713333
0.74
0.416667
0.686667
-1.0
0.71
0.75
0.82
-1.0
-1.0
-1.0
0.75
0.7
0.463333
-1.0
0.506667
0.796667
0.286667
0.71
0.89
0.59
0.753333
0.396667
0.746667
0.53
0.11
0.48
0.466667
0.776667
0.683333
0.54
0.726667
-1.0
0.763333
0.533333
0.773333
0.31
0.756667
0.683333
0.64
0.643333
-1.0
0.736667
0.733333
0.853333
0.643333
0.24
0.763333
-1.0
-1.0
0.496667
0.453333
0.833333
0.71
0.693333
0.58
0.823333
0.53
0.59
0.593333
-1.0
0.793333
0.766667
0.33
0.623333
0.906667
0.843333
0.553333
-0.393333
0.846667
0.656667
-1.0
0.703333
-1.0
-1.0
0.503333
0.81
-1.0
-1.0
0.76
0.593333
0.586667
0.796667
0.63
0.763333
-0.94
0.616667
-0.166667
0.623333
0.516667
0.773333
0.636667
0.463333
0.273333
0.57
0.68
0.8
-1.0
0.663333
0.19
-1.0
-0.243333
0.733333
0.84
0.05
-1.0
0.116667
0.596667
0.733333
0.623333
0.846667
0.793333
-0.526667
0.73
0.66
-1.0
0.623333
0.686667
0.126667
0.88
0.556667
0.6
-0.29
0.69
0.783333
-1.0
0.856667
0.47
0.48
0.35
-0.27
0.68
0.486667
0.553333
0.516667
0.503333
0.606667
-1.0
0.623333
-1.0
0.7
-0.43
0.55
0.683333
0.51
0.853333
-0.246667
0.636667
-1.0
0.73
0.733333
0.74
0.75
0.72
0.836667
0.683333
-1.0
0.626667
0.623333
0.653333
0.81
0.83
0.786667
0.766667
0.8
-1.0
0.736667
0.866667
0.646667
0.75
-1.0
0.753333
0.763333
0.736667
0.66
0.71
0.736667
0.703333
0.123333
0.456667
0.883333
0.763333
-1.0
0.783333
0.686667
0.69
0.706667
0.766667
0.626667
0.666667
-1.0
0.56
-1.0
0.893333
0.9
0.83
-1.0
0.536667
0.406667
0.666667
0.636667
-1.0
0.786667
0.793333
0.843333
0.673333
0.5
0.556667
0.726667
0.736667
0.663333
0.58
0.67
-1.0
0.796667
-1.0
0.873333
-0.32
0.803333
0.833333
0.906667
0.7
-0.363333
-0.296667
0.456667
0.713333
0.713333
-0.37
0.49
0.843333
0.856667
0.733333
0.626667
-1.0
0.786667
0.74
-1.0
0.65
-1.0
-1.0
0.786667
0.57
0.653333
-0.283333
0.583333
-1.0
0.406667
-1.0
-1.0
0.646667
0.733333
0.346667
0.763333
0.636667
0.783333
0.603333
0.783333
0.806667
0.74
-1.0
0.79
0.636667
0.566667
0.726667
0.39
0.86
0.563333
0.736667
-1.0
0.52
0.86
0.76
-0.596667
0.9
0.813333
0.753333
0.77
0.843333
0.773333
0.75
0.78
0.406667
0.686667
-0.22
0.7
0.62
0.786667
-1.0
0.316667
0.446667
0.793333
0.796667
0.77
-1.0
0.436667
0.803333
0.67
-0.333333
0.723333
0.483333
-1.0
0.766667
0.5
0.78
0.823333
0.67
0.686667
0.6
0.586667
0.693333
0.813333
-1.0
0.666667
0.716667
-0.136667
0.703333
0.586667
0.843333
-1.0
0.58
0.743333
0.636667
0.846667
0.7
0.63
0.783333
-1.0
-0.996667
0.693333
0.436667
-1.0
0.7
0.713333
0.68
-1.0
0.683333
0.72
0.693333
-0.29
0.78
0.356667
0.81
0.353333
0.626667
0.593333
0.726667
0.753333
0.636667
0.823333
0.593333
0.803333
0.733333
0.806667
0.76
0.22
0.866667
-1.0
0.623333
0.836667
0.636667
0.696667
0.676667
-1.0
0.78
0.696667
0.766667
0.73
0.63
0.576667
0.9
0.743333
0.736667
0.763333
0.716667
0.793333
0.663333
0.516667
-1.0
0.716667
0.706667
-0.236667
-0.2
0.866667
-0.393333
-0.323333
0.55
0.776667
0.206667
0.776667
0.653333
0.633333
0.713333
0.836667
0.53
0.713333
0.703333
-1.0
0.653333
-1.0
0.756667
-0.333333
0.696667
0.07
0.786667
0.823333
-1.0
0.72
0.406667
0.713333
0.79
0.643333
0.71
0.71
0.81
0.74
0.52
0.793333
0.736667
0.743333
0.81
0.583333
0.736667
0.486667
0.81
-0.8
0.753333
0.676667
0.87
0.606667
0.76
-1.0
0.71
0.106667
0.7
-1.0
0.816667
-1.0
0.83
0.773333
-1.0
0.793333
0.956667
0.69
0.65
0.703333
0.556667
-0.343333
-1.0
0.826667
-0.71
0.806667
0.623333
0.713333
0.72
0.75
0.67
0.566667
0.85
-1.0
-1.0
0.78
-0.163333
0.726667
-1.0
-1.0
0.826667
0.64
-1.0
-1.0
0.76
0.626667
0.58
-1.0
0.766667
0.736667
0.76
0.766667
-1.0
0.5
0.753333
0.59
0.39
0.74
-1.0
0.61
-0.116667
-1.0
0.8
0.523333
0.78
0.78
-1.0
-1.0
-1.0
0.826667
-0.256667
0.38
0.573333
-1.0
0.093333
0.773333
0.573333
0.773333
-1.0
0.8
0.73
0.676667
-1.0
0.793333
-1.0
0.706667
0.796667
0.66
-0.586667
0.88
-1.0
0.906667
0.626667
0.716667
0.623333
-1.0
0.453333
-1.0
0.683333
-1.0
-1.0
0.72
0.846667
0.76
0.75
0.536667
0.8
-1.0
0.833333
0.686667
0.7
0.813333
0.823333
0.553333
0.493333
0.486667
0.433333
-1.0
0.503333
-1.0
0.61
0.72
-1.0
0.72
-1.0
0.773333
0.646667
-1.0
0.706667
0.936667
0.196667
-1.0
-1.0
0.69
0.643333
-1.0
-0.313333
0.746667
0.66
0.686667
0.693333
0.496667
0.69
0.466667
-0.57
0.75
0.576667
0.79
0.853333
0.69
0.72
0.62
0.29
0.89
0.75
-0.49
0.626667
0.513333
0.836667
0.57
-1.0
0.71
0.69
0.786667
0.656667
0.66
-1.0
0.356667
0.636667
0.593333
0.836667
-0.256667
0.756667
-1.0
0.78
0.8
0.66
0.28
0.81
-1.0
0.7
0.983333
0.85
0.436667
0.8
0.766667
0.716667
0.756667
0.743333
0.873333
0.603333
0.726667
0.723333
0.64
0.77
-1.0
-1.0
0.56
0.796667
0.84
-1.0
0.653333
0.56
0.77
0.94
-1.0
0.68
-1.0
0.683333
0.683333
0.966667
0.723333
-1.0
0.303333
0.616667
0.646667
-1.0
-1.0
0.636667
0.95
0.67
-1.0
0.693333
-1.0
-0.43
0.773333
0.726667
-0.263333
-0.27
-1.0
-1.0
0.723333
0.6
0.753333
0.5
-1.0
-1.0
0.766667
-1.0
-1.0
-1.0
0.77
0.66
-1.0
0.073333
-1.0
-0.79
0.63
-1.0
-1.0
0.5
-1.0
0.84
-1.0
0.386667
0.736667
0.59
-1.0
0.75
0.62
0.783333
0.776667
0.546667
0.79
-1.0
0.736667
-1.0
0.556667
0.503333
-0.9
0.676667
0.566667
-1.0
-1.0
0.76
0.686667
-1.0
0.32
0.893333
-1.0
0.51
0.726667
0.563333
-1.0
-1.0
-1.0
0.796667
0.75
0.776667
-1.0
-1.0
-1.0
-1.0
0.766667
-1.0
-1.0
0.633333
-1.0
-1.0
-1.0
0.416667
-1.0
-1.0
-1.0
-1.0
-1.0
-1.0
-1.0
-1.0
-1.0
-1.0
-1.0
-1.0
-1.0
-1.0
-1.0
-1.0
-1.0
-1.0
-1.0
-1.0
-1.0
-1.0
-1.0
-1.0
-1.0
-1.0
-1.0
-1.0
-1.0
-1.0
-1.0
-1.0
-1.0
-1.0
-1.0
-1.0
-1.0
-1.0
-1.0
-1.0
-1.0
0.303333
-1.0
-1.0
-1.0
-1.0
-1.0
-1.0
-1.0
-1.0
-1.0
0.506667
-1.0
-1.0
-1.0
-1.0
0.066667
-1.0
0.196667
-1.0
-1.0
-1.0
-1.0
-1.0
-1.0
-1.0
-1.0
-1.0
-1.0
-1.0
-1.0
-1.0
-1.0
-1.0
-1.0
-1.0
-1.0
-1.0
0.773333
-1.0
-1.0
-1.0
-1.0
-1.0
-1.0
0.81
-1.0
-1.0
-1.0
-1.0
-1.0
-1.0
-1.0
-1.0
-1.0
-1.0
-1.0
-1.0
-1.0
-1.0
-1.0
-1.0
-1.0
-1.0
-1.0
-1.0
-1.0
-1.0
-1.0
-1.0
-0.356667
-1.0
-1.0
-1.0
-1.0
-1.0
-1.0
-1.0
-1.0
-1.0
-1.0
-1.0
-1.0
-1.0
-1.0
-1.0
-1.0
-1.0
-1.0
-1.0
-1.0
-1.0
-1.0
-1.0
-1.0
-1.0
-1.0
-1.0
-1.0
-1.0
-1.0
-1.0
-1.0
0.536667
-1.0
-1.0
-1.0
-1.0
-1.0
-1.0
-1.0
-1.0
-1.0
-1.0
-1.0
-1.0
-1.0
-1.0
-1.0
-1.0
-1.0
-1.0
-1.0
-1.0
-1.0
-1.0
-1.0
-1.0
-1.0
-1.0
-1.0
-1.0
-1.0
-1.0
-1.0
-1.0
-1.0
-1.0
-1.0
-1.0
-1.0
-1.0
-1.0
-1.0
-1.0
-1.0
-1.0
-1.0
-1.0
-1.0
-1.0
-1.0
-1.0
-1.0
-1.0
-1.0
-1.0
-1.0
-1.0
-1.0
-1.0
-1.0
-1.0
-1.0
-1.0
-1.0
-1.0
-1.0
-1.0
-1.0
-1.0
0.346667
-1.0
-1.0
-1.0
-1.0
-1.0
-1.0
-1.0
-1.0
-1.0
-1.0
-1.0
-1.0
-1.0
-1.0
-1.0
-1.0
-1.0
-1.0
-1.0
-1.0
-1.0
-1.0
-1.0
-1.0
-1.0
-1.0
-1.0
-1.0
-1.0
-1.0
-1.0
-1.0
-1.0
-1.0
-1.0
-1.0
-1.0
-1.0
-1.0
-1.0
-1.0
-1.0
-1.0
-1.0
-1.0
-1.0
-1.0
-1.0
-1.0
-1.0
-1.0
-1.0
-1.0
-1.0
-1.0
-1.0
-1.0
-1.0
-1.0
-1.0
-1.0
-1.0
-1.0
-1.0
-1.0
-1.0
-1.0
-1.0
-1.0
-1.0
-1.0
-1.0
-1.0
-1.0
-1.0
-1.0
-1.0
-1.0
-0.33
-1.0
-1.0
-1.0
-1.0
-1.0
-1.0
-1.0
-1.0
-1.0
-1.0
-1.0
-1.0
-1.0
-1.0
-1.0
-1.0
-1.0
-1.0
-1.0
-1.0
-1.0
-1.0
-1.0
-1.0
-1.0
-1.0
-1.0
-1.0
-1.0
-1.0
-1.0
-1.0
0.196667
-1.0
-1.0
-1.0
-1.0
0.663333
-1.0
-1.0
-1.0
-1.0
-1.0
-1.0
-0.983333
-1.0
-1.0
-1.0
-1.0
-1.0
-1.0
-1.0
-1.0
-1.0
-1.0
-1.0
-1.0
-1.0
-1.0
-1.0
-1.0
-1.0
-1.0
-1.0
-1.0
-1.0
-1.0
-1.0
-1.0
-1.0
-1.0
-1.0
-0.126667
-1.0
-1.0
-1.0
-1.0
-1.0
-1.0
-1.0
-1.0
-1.0
-0.896667
-1.0
-1.0
-1.0
-1.0
-1.0
-1.0
-1.0
-1.0
-1.0
-1.0
-1.0
-1.0
-1.0
-1.0
-1.0
-1.0
-1.0
-1.0
-1.0
-0.13
-1.0
-1.0
-1.0
-1.0
-0.216667
-1.0
-1.0
-1.0
-1.0
-1.0
-1.0
-1.0
-1.0
-1.0
-1.0
-1.0
-0.916667
-1.0
-1.0
-1.0
-1.0
-1.0
-1.0
-1.0
-1.0
-1.0
-1.0
-1.0
-1.0
-1.0
-1.0
-1.0
-0.093333
-1.0
-1.0
-1.0
-1.0
-1.0
-1.0
-1.0
-1.0
-1.0
-1.0
-1.0
-1.0
-1.0
-1.0
-1.0
-1.0
-1.0
-1.0
-1.0
-1.0
-1.0
-1.0
-1.0
-1.0
-0.57
-1.0
-1.0
-0.35
-1.0
-1.0
-1.0
-1.0
-1.0
-1.0
-1.0
-1.0
-1.0
-1.0
-1.0
-1.0
-1.0
-1.0
-1.0
-1.0
-0.266667
-0.59
-1.0
-1.0
-1.0
-1.0
-1.0
-1.0
-1.0
-0.256667
-0.196667
-1.0
-1.0
-1.0
0.636667
-1.0
-1.0
-1.0
-1.0
-1.0
-1.0
-1.0
-1.0
-0.326667
-1.0
-1.0
-1.0
-1.0
-0.356667
-1.0
-1.0
-1.0
-1.0
-1.0
-1.0
-1.0
-1.0
-0.953333
-1.0
-1.0
-1.0
-1.0
-1.0
-1.0
-1.0
0.706667
-1.0
-1.0
-1.0
-1.0
-1.0
-1.0
-1.0
-1.0
-1.0
-1.0
-1.0
-1.0
-1.0
-1.0
-1.0
-0.336667
-1.0
-1.0
-1.0
-1.0
-1.0
-0.3
-0.383333
-1.0
-1.0
-0.356667
-1.0
-1.0
-1.0
-1.0
-1.0
-1.0
-1.0
-1.0
-1.0
-1.0
-1.0
-1.0
-1.0
-1.0
-1.0
-0.903333
-1.0
-1.0
-0.493333
-0.7
-1.0
-1.0
-1.0
-1.0
-1.0
-1.0
-1.0
-1.0
-1.0
-1.0
-1.0
-1.0
-1.0
-1.0
-1.0
-1.0
-1.0
-1.0
-1.0
-1.0
-1.0
-1.0
-1.0
-1.0
-1.0
-1.0
-1.0
-1.0
-1.0
-1.0
-1.0
-0.956667
-1.0
0.706667
-1.0
-1.0
-1.0
-0.953333
-1.0
-1.0
-1.0
-1.0
-1.0
-1.0
-1.0
-0.47
-1.0
-1.0
-1.0
-1.0
-1.0
-1.0
-1.0
-1.0
-1.0
0.103333
-1.0
-1.0
-1.0
-1.0
0.486667
-1.0
-1.0
-1.0
-1.0
-1.0
-1.0
-1.0
-1.0
-1.0
-1.0
-1.0
-1.0
-1.0
-1.0
-1.0
-1.0
-1.0
-1.0
-1.0
-1.0
-0.333333
-1.0
-0.116667
-1.0
-1.0
-1.0
-1.0
-1.0
-1.0
-1.0
-1.0
-1.0
-1.0
-1.0
-1.0
-1.0
-1.0
-1.0
-1.0
-1.0
-1.0
-1.0
-1.0
-1.0
-1.0
-1.0
-1.0
-1.0
-1.0
-1.0
-1.0
-1.0
-1.0
-1.0
-1.0
-1.0
-1.0
-1.0
-1.0
-1.0
-1.0
-1.0
-1.0
-1.0
-1.0
-1.0
-1.0
-1.0
-1.0
-1.0
-1.0
-1.0
-1.0
-1.0
-1.0
-1.0
-1.0
-1.0
-1.0
-1.0
-1.0
-1.0
-1.0
-1.0
-1.0
-1.0
-1.0
-1.0
-1.0
-1.0
-1.0
-1.0
-1.0
-1.0
-1.0
-1.0
-1.0
-1.0
-1.0
-1.0
-1.0
-1.0
-1.0
-1.0
-1.0
-1.0
-1.0
-1.0
-1.0
-1.0
-1.0
-1.0
-1.0
-1.0
-1.0
-1.0
-1.0
0.006667
-1.0
-1.0
-1.0
-1.0
-0.776667
-1.0
-1.0
-1.0
-1.0
-1.0
-1.0
-1.0
-1.0
-1.0
-1.0
-1.0
-1.0
-1.0
-1.0
-1.0
-1.0
-1.0
-1.0
-1.0
-1.0
-1.0
-1.0
-1.0
-1.0
-1.0
-1.0
-1.0
0.73
-1.0
-1.0
-1.0
-1.0
-1.0
-1.0
-1.0
-1.0
-1.0
-1.0
0.613333
-1.0
-1.0
-1.0
-1.0
-1.0
-1.0
-1.0
-1.0
-1.0
-1.0
-1.0
-1.0
-1.0
-1.0
-1.0
-1.0
-1.0
-1.0
-1.0
-1.0
-1.0
-1.0
-1.0
-1.0
-1.0
-1.0
-1.0
-1.0
-1.0
-1.0
-1.0
-1.0
-1.0
-1.0
-1.0
-1.0
-1.0
-1.0
-1.0
-1.0
-1.0
-1.0
-1.0
-1.0
-1.0
-1.0
-1.0
-1.0
-1.0
-1.0
-1.0
-1.0
-1.0
-1.0
-1.0
-1.0
-1.0
-1.0
-1.0
-1.0
-1.0
-1.0
-1.0
-1.0
-1.0
-1.0
-1.0
-1.0
-1.0
-1.0
-1.0
-1.0
-1.0
-1.0
-1.0
-1.0
-1.0
0.49
-1.0
-1.0
-1.0
-1.0
-1.0
-1.0
-1.0
-1.0
-1.0
-1.0
-1.0
-1.0
0.426667
-1.0
-1.0
-1.0
-1.0
-1.0
-1.0
-1.0
-1.0
-1.0
-1.0
-1.0
-1.0
-1.0
-1.0
-1.0
-1.0
-1.0
-1.0
-1.0
-1.0
-1.0
-1.0
-1.0
-1.0
-1.0
-1.0
-1.0
-1.0
-1.0
-1.0
-1.0
-1.0
-1.0
-1.0
-1.0
-1.0
-1.0
-1.0
-1.0
-1.0
-1.0
-1.0
-1.0
-1.0
-1.0
-1.0
-1.0
-1.0
-1.0
-1.0
-1.0
-1.0
-1.0
-1.0
-1.0
-1.0
-1.0
-1.0
-1.0
-1.0
-1.0
-1.0
-1.0
-1.0
-1.0
-1.0
-1.0
-1.0
-1.0
-1.0
-1.0
-1.0
-1.0
-1.0
-1.0
-1.0
-1.0
-1.0
-1.0
-1.0
-1.0
-1.0
-1.0
-1.0
-1.0
-1.0
-1.0
-1.0
-1.0
-1.0
-1.0
-1.0
-1.0
-1.0
-1.0
-1.0
-1.0
-1.0
-1.0
-1.0
-1.0
-1.0
-1.0
-1.0
-1.0
-1.0
-1.0
-1.0
-1.0
-1.0
-1.0
-1.0
-1.0
-1.0
-1.0
-1.0
-1.0
-1.0
-1.0
-1.0
-1.0
-1.0
-1.0
-1.0
-1.0
-1.0
-1.0
-1.0
-1.0
-1.0
-1.0
-1.0
-1.0
-1.0
-1.0
-1.0
-1.0
-1.0
-1.0
-1.0
-1.0
-1.0
-1.0
-1.0
-1.0
-1.0
-1.0
-1.0
-1.0
-1.0
-1.0
-1.0
-1.0
-1.0
-1.0
-1.0
-1.0
-1.0
-1.0
-1.0
-1.0
-1.0
-1.0
-1.0
-1.0
-1.0
-1.0
-1.0
-1.0
-1.0
-1.0
-1.0
-1.0
-1.0
-1.0
-1.0
-1.0
-1.0
-1.0
-1.0
-1.0
-1.0
-1.0
-1.0
-1.0
-1.0
-0.626667
-1.0
-1.0
-1.0
-1.0
-1.0
-1.0
-1.0
-1.0
-1.0
-1.0
-1.0
-1.0
-1.0
-1.0
-1.0
-1.0
-1.0
-1.0
-1.0
-1.0
-1.0
-1.0
0.323333
-1.0
-1.0
-1.0
-1.0
-0.15
-1.0
-1.0
-1.0
-1.0
-1.0
-1.0
-1.0
-1.0
0.333333
-1.0
-1.0
-1.0
-1.0
-1.0
0.183333
-1.0
-1.0
-1.0
-1.0
-0.106667
-1.0
-1.0
-1.0
-1.0
-1.0
-1.0
-1.0
-1.0
-1.0
-1.0
-1.0
-1.0
-1.0
-1.0
-1.0
-1.0
-1.0
-1.0
-1.0
-0.253333
-1.0
-1.0
-1.0
-1.0
-1.0
-1.0
-1.0
-1.0
-1.0
-1.0
-1.0
-1.0
-1.0
-1.0
-1.0
-1.0
-1.0
-1.0
-1.0
-1.0
-1.0
-1.0
-1.0
-1.0
-1.0
-0.896667
-1.0
-1.0
-1.0
-1.0
-1.0
-1.0
-1.0
-1.0
-1.0
-1.0
-0.306667
-1.0
-0.246667
-1.0
-1.0
-1.0
-1.0
-1.0
-1.0
-1.0
-1.0
-1.0
-1.0
-1.0
-1.0
-1.0
-1.0
-1.0
-1.0
-1.0
-1.0
-1.0
-1.0
-1.0
0.883333
-1.0
-1.0
-1.0
-1.0
-1.0
-1.0
-1.0
-1.0
0.423333
-1.0
-1.0
-1.0
-1.0
-1.0
-1.0
-1.0
-1.0
-1.0
-1.0
-1.0
-1.0
-1.0
-1.0
-1.0
-1.0
-1.0
-1.0
-1.0
-1.0
-1.0
-1.0
-1.0
-0.69
-1.0
-1.0
-1.0
-1.0
-1.0
-1.0
-1.0
-1.0
-1.0
-1.0
-1.0
-1.0
-1.0
-1.0
-1.0
-1.0
-1.0
-0.553333
-1.0
-1.0
-0.526667
-1.0
0.58
-1.0
-1.0
-1.0
-1.0
-1.0
-1.0
-1.0
-1.0
-1.0
-1.0
-1.0
-1.0
-1.0
-1.0
-0.126667
-1.0
-1.0
-1.0
-1.0
-1.0
-1.0
-1.0
-1.0
-1.0
-1.0
-1.0
-1.0
0.746667
-1.0
-1.0
-1.0
-1.0
-1.0
-0.9
-1.0
-1.0
-1.0
-1.0
-1.0
-1.0
-1.0
-1.0
-0.366667
-1.0
-1.0
-1.0
-1.0
-1.0
-1.0
-1.0
-1.0
-1.0
-1.0
-1.0
-1.0
-1.0
-1.0
-1.0
-1.0
-1.0
-1.0
-1.0
-1.0
-1.0
-1.0
-1.0
-1.0
-1.0
-1.0
-1.0
-1.0
-1.0
-1.0
-1.0
-1.0
-1.0
-1.0
-1.0
-1.0
-1.0
-1.0
-1.0
-1.0
-1.0
-0.91
-1.0
-1.0
-1.0
-1.0
-1.0
-1.0
-0.64
-0.29
-1.0
-1.0
-1.0
-1.0
-1.0
-1.0
-1.0
-1.0
-1.0
-1.0
-1.0
-0.626667
-1.0
-1.0
-1.0
-1.0
-1.0
-1.0
-1.0
-1.0
-1.0
-1.0
-1.0
-1.0
-1.0
-1.0
-1.0
-1.0
-1.0
-1.0
-1.0
-1.0
-1.0
-1.0
-1.0
-1.0
-1.0
-1.0
-1.0
-1.0
-1.0
-1.0
-1.0
-1.0
-1.0
-1.0
-1.0
-1.0
-1.0
-1.0
-1.0
-1.0
-1.0
-1.0
-1.0
-1.0
-1.0
-1.0
-1.0
-1.0
-1.0
-1.0
-1.0
-1.0
-1.0
-1.0
-1.0
-1.0
-1.0
-1.0
-1.0
-0.17
-1.0
-1.0
-0.826667
0.116667
-1.0
-1.0
-1.0
-1.0
-1.0
-1.0
-1.0
-1.0
-1.0
-1.0
-1.0
-1.0
-1.0
-1.0
-1.0
-1.0
-1.0
-1.0
-1.0
-1.0
-1.0
-1.0
-1.0
-1.0
-1.0
-1.0
-1.0
-1.0
-1.0
-1.0
-1.0
-1.0
-1.0
-0.82
-1.0
-1.0
-1.0
-1.0
-1.0
-1.0
-1.0
-1.0
-1.0
-1.0
-1.0
-1.0
-1.0
-1.0
-1.0
-1.0
-1.0
-1.0
-1.0
-1.0
-1.0
-1.0
-1.0
-1.0
-1.0
-1.0
-1.0
-1.0
-1.0
-1.0
-1.0
-1.0
-1.0
-1.0
-1.0
-1.0
-1.0
-1.0
-1.0
-1.0
-1.0
-1.0
-1.0
-1.0
-1.0
-1.0
-1.0
-1.0
-1.0
-1.0
-1.0
-1.0
-1.0
-1.0
-1.0
-1.0
-1.0
-1.0
-1.0
-1.0
-1.0
-1.0
-1.0
-1.0
-1.0
-1.0
-1.0
-1.0
-1.0
-1.0
-1.0
-1.0
-1.0
-1.0
-1.0
-1.0
-1.0
-1.0
-1.0
-1.0
-1.0
-1.0
-1.0
-1.0
-1.0
-1.0
-1.0
-1.0
-1.0
-1.0
-1.0
-1.0
-1.0
-1.0
-1.0
-1.0
-1.0
-1.0
-1.0
-1.0
-1.0
-1.0
-1.0
-1.0
-1.0
-1.0
-1.0
-1.0
-1.0
-1.0
-1.0
-1.0
-1.0
-1.0
-1.0
-0.153333
-1.0
-1.0
-1.0
-1.0
-1.0
-1.0
-1.0
-1.0
-1.0
-1.0
-1.0
-1.0
-1.0
-1.0
-1.0
-1.0
-1.0
-1.0
-1.0
-1.0
-1.0
-1.0
-1.0
-1.0
-1.0
-1.0
-1.0
-1.0
-1.0
-1.0
-1.0
-0.73
-1.0
-1.0
-1.0
-1.0
-1.0
-1.0
-1.0
-1.0
-1.0
-1.0
-1.0
-0.91
-1.0
-1.0
-1.0
-1.0
-1.0
-1.0
-1.0
-1.0
-1.0
-1.0
-1.0
-1.0
-1.0
-1.0
-1.0
-1.0
-1.0
-1.0
-1.0
-1.0
-1.0
-1.0
-1.0
-1.0
-1.0
-1.0
-1.0
-1.0
-1.0
-1.0
-1.0
-1.0
-1.0
-1.0
-1.0
-1.0
-1.0
-1.0
-1.0
-1.0
-1.0
-1.0
-1.0
-1.0
-1.0
-1.0
-1.0
-0.156667
-1.0
-1.0
-1.0
-1.0
-1.0
-1.0
-1.0
-1.0
-1.0
-1.0
-1.0
-1.0
-1.0
-1.0
-1.0
-1.0
-1.0
-1.0
-1.0
-1.0
-1.0
-1.0
-1.0
-1.0
-1.0
-1.0
-1.0
-1.0
-1.0
-1.0
-1.0
-1.0
-1.0
-1.0
-1.0
-1.0
-1.0
-1.0
-0.196667
-1.0
-1.0
-1.0
-1.0
-1.0
-1.0
-1.0
-1.0
-1.0
-1.0
-1.0
-1.0
-1.0
-1.0
-1.0
-1.0
-1.0
-1.0
-1.0
-1.0
-1.0
-1.0
-1.0
-1.0
-1.0
-1.0
-1.0
-1.0
-1.0
-1.0
-1.0
-1.0
-1.0
-1.0
-1.0
-1.0
-1.0
-1.0
-1.0
-1.0
-1.0
-1.0
-1.0
-1.0
-1.0
-1.0
-1.0
-1.0
-1.0
-1.0
-1.0
-1.0
-1.0
-1.0
-1.0
-1.0
-1.0
-1.0
-1.0
-1.0
-1.0
-1.0
-1.0
-1.0
-1.0
-1.0
-1.0
-1.0
-1.0
-1.0
-1.0
-1.0
-1.0
-1.0
-1.0
-1.0
-1.0
-1.0
-1.0
-1.0
-1.0
-1.0
-1.0
-1.0
-1.0
-1.0
-0.616667
-1.0
-1.0
-1.0
-1.0
-1.0
-1.0
-1.0
-1.0
-1.0
-1.0
-1.0
-1.0
-1.0
-1.0
-1.0
-1.0
-1.0
-1.0
-1.0
-1.0
-1.0
-1.0
-1.0
-1.0
-1.0
-1.0
-1.0
-1.0
-1.0
-1.0
-1.0
-1.0
-1.0
-1.0
-1.0
-1.0
-1.0
-1.0
-1.0
-1.0
-1.0
-1.0
-1.0
-1.0
-1.0
-1.0
-1.0
-1.0
-1.0
-1.0
-1.0
-1.0
-1.0
-1.0
-1.0
-1.0
-1.0
-1.0
-1.0
-1.0
-1.0
-1.0
-1.0
-1.0
-1.0
-1.0
-1.0
-1.0
-1.0
-1.0
-1.0
-1.0
-1.0
-1.0
-1.0
-1.0
-1.0
-1.0
-0.6
-1.0
-1.0
-1.0
-1.0
-1.0
-1.0
-1.0
-1.0
-1.0
-1.0
-1.0
-1.0
-1.0
-1.0
-1.0
-1.0
-1.0
-1.0
-1.0
-1.0
-1.0
-1.0
-1.0
-1.0
-1.0
-1.0
-1.0
-1.0
-1.0
-1.0
-1.0
-1.0
-1.0
-1.0
-1.0
-1.0
-1.0
-1.0
-1.0
-1.0
-1.0
-1.0
-1.0
-1.0
-1.0
-1.0
-1.0
-1.0
-1.0
-0.346667
-1.0
-1.0
-1.0
-1.0
-1.0
-1.0
-1.0
-1.0
-1.0
-1.0
-1.0
-1.0
-1.0
-1.0
-1.0
-1.0
-1.0
-1.0
-1.0
-1.0
-1.0
-1.0
-1.0
-1.0
-1.0
-1.0
-1.0
-1.0
-1.0
-1.0
-1.0
-1.0
-1.0
-1.0
-1.0
-1.0
-1.0
-1.0
-1.0
-1.0
-1.0
-1.0
-1.0
-1.0
-1.0
-1.0
-1.0
-1.0
-1.0
-1.0
-1.0
-1.0
-1.0
-1.0
-1.0
-1.0
-1.0
-1.0
-1.0
-1.0
-1.0
-1.0
-1.0
-1.0
-1.0
-1.0
-1.0
-1.0
-1.0
-1.0
-1.0
-1.0
-1.0
-1.0
-1.0
-1.0
-1.0
-1.0
-1.0
-1.0
-1.0
-1.0
-1.0
-1.0
-1.0
-1.0
-1.0
-1.0
-1.0
-1.0
-1.0
-1.0
-1.0
-1.0
-1.0
-1.0
0.42
-1.0
-1.0
-1.0
-1.0
-1.0
-1.0
-1.0
-1.0
-1.0
-1.0
-0.916667
-1.0
-1.0
-1.0
-1.0
-1.0
-0.613333
-0.65
-1.0
-1.0
-1.0
-1.0
-1.0
-1.0
-1.0
-1.0
-1.0
-1.0
-1.0
-1.0
-1.0
-1.0
-1.0
-1.0
-1.0
-1.0
-1.0
-1.0
-1.0
-1.0
-1.0
-1.0
-1.0
-1.0
-1.0
-1.0
-1.0
-1.0
-1.0
-1.0
-1.0
-1.0
-0.603333
-1.0
-1.0
-1.0
-1.0
-1.0
-1.0
-1.0
-1.0
-1.0
-1.0
-1.0
-1.0
-1.0
-1.0
-1.0
-1.0
-1.0
-1.0
-1.0
-1.0
0.826667
-0.213333
-0.81
-1.0
-1.0
-0.353333
-1.0
-1.0
-1.0
-1.0
-1.0
-1.0
-1.0
-1.0
-1.0
-1.0
-1.0
-1.0
-1.0
-1.0
-1.0
-1.0
-1.0
-1.0
-1.0
-1.0
-1.0
-1.0
-1.0
-1.0
-1.0
-1.0
-1.0
-1.0
-1.0
-1.0
-1.0
-1.0
-1.0
-1.0
-1.0
-1.0
-1.0
-1.0
-1.0
-1.0
-1.0
-1.0
-1.0
-1.0
-1.0
-1.0
-1.0
-1.0
-1.0
-1.0
-1.0
-1.0
-1.0
-1.0
-1.0
-1.0
-1.0
-1.0
-1.0
-1.0
-1.0
-1.0
-1.0
-1.0
-1.0
-1.0
-1.0
-1.0
-1.0
-1.0
-1.0
-1.0
-1.0
-1.0
-1.0
-1.0
-0.39
-1.0
-1.0
-1.0
-1.0
-1.0
-0.136667
-1.0
-1.0
-1.0
-1.0
-1.0
-1.0
-1.0
-1.0
-1.0
-1.0
-1.0
-1.0
-1.0
-1.0
-1.0
-1.0
-1.0
-1.0
-1.0
-1.0
-1.0
-1.0
-1.0
-1.0
-1.0
-1.0
-1.0
-1.0
-1.0
-1.0
-1.0
-1.0
-1.0
-1.0
-1.0
-1.0
-1.0
-1.0
-1.0
-0.256667
-1.0
-1.0
-1.0
-1.0
-1.0
-1.0
-1.0
-1.0
-1.0
-1.0
-1.0
-1.0
-1.0
-1.0
-1.0
-1.0
-1.0
-1.0
-1.0
-1.0
-1.0
-1.0
-1.0
-1.0
-1.0
-1.0
-1.0
-1.0
-1.0
-1.0
-1.0
-1.0
-1.0
-1.0
-1.0
-1.0
-1.0
-1.0
-1.0
-1.0
-1.0
-1.0
-1.0
-1.0
-1.0
-1.0
-1.0
-1.0
-1.0
-1.0
-1.0
-1.0
-1.0
-1.0
-1.0
-1.0
-1.0
-1.0
-1.0
-1.0
-1.0
-1.0
-1.0
-1.0
-1.0
-1.0
-1.0
-1.0
-1.0
-1.0
-1.0
-1.0
-1.0
-1.0
-1.0
-1.0
-1.0
-0.34
-1.0
-1.0
-1.0
-1.0
-1.0
-1.0
-1.0
-1.0
-1.0
-1.0
-1.0
-1.0
-1.0
-1.0
-1.0
-1.0
-1.0
-1.0
-1.0
-1.0
-1.0
-1.0
-1.0
-1.0
-1.0
-0.18
-1.0
-1.0
-0.263333
-0.84
-1.0
-1.0
-1.0
-1.0
-1.0
-1.0
-1.0
-1.0
-1.0
-1.0
-1.0
-1.0
-1.0
-1.0
-1.0
-1.0
-1.0
-1.0
-1.0
-1.0
-1.0
-1.0
-1.0
-1.0
-1.0
-1.0
-1.0
-1.0
-1.0
-1.0
-1.0
-0.5
-1.0
-1.0
-1.0
-1.0
-1.0
-1.0
-1.0
-1.0
-1.0
-1.0
-1.0
-1.0
-1.0
-1.0
-1.0
-1.0
-1.0
-1.0
-1.0
-1.0
-1.0
-1.0
-1.0
-1.0
-1.0
-1.0
-1.0
-1.0
-1.0
-1.0
-1.0
-1.0
-1.0
-1.0
-1.0
-1.0
-1.0
-1.0
-1.0
-1.0
-1.0
-1.0
-1.0
-1.0
-1.0
-1.0
-0.263333
-1.0
-1.0
-1.0
-1.0
-1.0
-1.0
-1.0
-1.0
-1.0
-1.0
-1.0
-1.0
-1.0
-1.0
-0.6
-1.0
-1.0
-1.0
-1.0
-1.0
-1.0
-1.0
-1.0
-1.0
-1.0
-0.586667
-1.0
-1.0
-1.0
-0.27
-1.0
-1.0
-1.0
-1.0
-1.0
-1.0
-1.0
-1.0
-1.0
-1.0
-1.0
0.68
-1.0
-1.0
-1.0
-1.0
-1.0
-1.0
-1.0
-1.0
-1.0
-1.0
-1.0
-1.0
-1.0
-0.6
-1.0
-1.0
-1.0
-1.0
-1.0
-1.0
-1.0
-0.18
-1.0
-1.0
-1.0
-1.0
-1.0
-1.0
-1.0
-1.0
-1.0
-1.0
-1.0
-1.0
-1.0
-1.0
-1.0
-1.0
-1.0
-1.0
-1.0
-1.0
-0.36
-1.0
-1.0
-1.0
-1.0
-1.0
-1.0
-1.0
-1.0
-1.0
-1.0
-1.0
-1.0
-1.0
-0.08
-1.0
-1.0
-1.0
-1.0
-1.0
-1.0
-1.0
-1.0
-1.0
-1.0
-1.0
-1.0
-1.0
-1.0
0.77
-1.0
-1.0
-1.0
-1.0
-1.0
-1.0
-1.0
-1.0
-1.0
-1.0
-1.0
-1.0
-1.0
-1.0
-1.0
-1.0
-1.0
-1.0
-1.0
-1.0
-1.0
-1.0
-1.0
-1.0
-1.0
-1.0
-1.0
-1.0
-1.0
-1.0
-1.0
-1.0
-1.0
-1.0
-1.0
-1.0
-1.0
-1.0
-1.0
-1.0
-1.0
-1.0
-1.0
-1.0
-1.0
-1.0
-1.0
-1.0
-1.0
-1.0
-0.353333
-0.633333
-1.0
-1.0
-1.0
-1.0
-1.0
-1.0
-1.0
-1.0
-1.0
-1.0
-1.0
-1.0
-1.0
-1.0
-1.0
-1.0
-1.0
-1.0
-1.0
-1.0
-1.0
-1.0
-1.0
-1.0
-1.0
-1.0
-1.0
-1.0
-1.0
-1.0
-1.0
-1.0
-1.0
-1.0
-1.0
-1.0
-1.0
-1.0
-1.0
-1.0
-1.0
0.8
-1.0
-1.0
-1.0
-1.0
-1.0
-1.0
-1.0
0.873333
-1.0
-1.0
-1.0
-1.0
-1.0
-1.0
-1.0
-1.0
0.883333
-1.0
-1.0
-1.0
-1.0
0.916667
-1.0
-1.0
-1.0
-0.273333
-1.0
-1.0
-1.0
-1.0
-0.123333
-1.0
-1.0
-1.0
-1.0
-1.0
-1.0
-1.0
-1.0
-1.0
-1.0
-1.0
-1.0
-1.0
-1.0
-1.0
-1.0
-1.0
-1.0
-1.0
-1.0
-1.0
-1.0
-1.0
-1.0
-1.0
-1.0
-1.0
-1.0
-1.0
-1.0
-1.0
-1.0
0.546667
-1.0
0.773333
-1.0
-1.0
-1.0
-1.0
-1.0
-1.0
-1.0
-1.0
-1.0
-1.0
-1.0
-1.0
-1.0
-1.0
-1.0
-1.0
-1.0
-1.0
-1.0
-1.0
-1.0
-1.0
-1.0
-1.0
-1.0
-1.0
-1.0
-1.0
-1.0
-1.0
-1.0
-1.0
-1.0
-1.0
0.79
-1.0
-1.0
-1.0
-0.233333
-1.0
-1.0
-1.0
-1.0
-1.0
-1.0
-1.0
-1.0
-1.0
-1.0
-1.0
-1.0
-1.0
-1.0
-1.0
-1.0
-1.0
-1.0
-1.0
-1.0
-1.0
-1.0
0.943333
-1.0
-1.0
-1.0
-1.0
-1.0
-1.0
-1.0
-1.0
-1.0
-1.0
-1.0
-1.0
-1.0
-1.0
-1.0
-1.0
-1.0
-1.0
-1.0
0.71
-1.0
-1.0
-1.0
-1.0
-1.0
-1.0
-1.0
-1.0
-1.0
-1.0
-1.0
-1.0
-1.0
-1.0
-1.0
-1.0
-1.0
-1.0
-1.0
-1.0
-1.0
-1.0
-1.0
-1.0
-1.0
-1.0
-1.0
-1.0
-1.0
-1.0
-1.0
-1.0
-1.0
-1.0
-1.0
-1.0
-1.0
-1.0
-1.0
-1.0
-1.0
-1.0
-1.0
-1.0
-1.0
-1.0
-1.0
-1.0
-1.0
-1.0
-1.0
-1.0
-1.0
-1.0
-1.0
-1.0
-1.0
-1.0
-0.263333
-1.0
-1.0
-1.0
-1.0
-1.0
-1.0
-1.0
-1.0
-1.0
-1.0
-1.0
-1.0
0.306667
-1.0
-1.0
-1.0
-1.0
-1.0
-1.0
-1.0
-1.0
-1.0
-0.34
-1.0
-1.0
-1.0
-1.0
-1.0
-1.0
-1.0
-1.0
-1.0
-1.0
-1.0
-1.0
-1.0
-1.0
-1.0
-1.0
-1.0
-1.0
-1.0
-1.0
-1.0
-1.0
-1.0
-1.0
-1.0
-1.0
-1.0
-1.0
-1.0
-1.0
-1.0
-1.0
-1.0
-1.0
-1.0
-1.0
-1.0
-1.0
-1.0
-1.0
-1.0
-1.0
-1.0
-1.0
-1.0
-1.0
-1.0
-1.0
-1.0
-1.0
-1.0
-0.116667
-1.0
-1.0
-1.0
-1.0
-1.0
-1.0
-1.0
-1.0
-1.0
-1.0
-1.0
-1.0
-1.0
-1.0
-1.0
-1.0
-1.0
-1.0
-1.0
-1.0
-1.0
-1.0
-1.0
-1.0
-1.0
-1.0
-1.0
-1.0
-1.0
-1.0
-1.0
-1.0
-1.0
-1.0
-1.0
-1.0
-1.0
-1.0
-1.0
-1.0
-1.0
-1.0
-1.0
-1.0
-1.0
-1.0
-1.0
-1.0
-1.0
-1.0
-0.053333
-1.0
-1.0
-0.083333
-1.0
-1.0
-1.0
-1.0
-1.0
-1.0
-1.0
-1.0
-1.0
-1.0
-1.0
-1.0
-1.0
-1.0
-1.0
-1.0
-1.0
-1.0
-1.0
-1.0
-1.0
-1.0
-1.0
-1.0
-1.0
-1.0
-1.0
-1.0
-1.0
-1.0
-1.0
-1.0
-1.0
-1.0
-1.0
-1.0
-1.0
-1.0
-1.0
-1.0
-1.0
-1.0
-1.0
-1.0
-1.0
-1.0
-1.0
-1.0
-1.0
-1.0
-1.0
-1.0
-1.0
-1.0
-1.0
-1.0
-1.0
-1.0
-1.0
-1.0
-1.0
-1.0
-1.0
-1.0
-1.0
-1.0
-1.0
-1.0
-1.0
-1.0
-1.0
-1.0
-1.0
-1.0
-1.0
-1.0
-1.0
-1.0
-1.0
-1.0
-1.0
-1.0
-1.0
0.93
-1.0
-1.0
-1.0
-1.0
-1.0
-1.0
-1.0
-0.13
-1.0
-1.0
-1.0
-1.0
-1.0
-1.0
-1.0
-1.0
-1.0
-1.0
-1.0
0.72
-1.0
-1.0
-1.0
-1.0
-1.0
-1.0
-1.0
-1.0
-1.0
-1.0
-1.0
-1.0
-1.0
-1.0
-1.0
-1.0
-1.0
-1.0
-1.0
-1.0
-1.0
-1.0
-1.0
-0.14
-1.0
-0.096667
-1.0
-1.0
-1.0
-1.0
-1.0
-1.0
-1.0
-1.0
-1.0
-1.0
-1.0
-1.0
-1.0
-1.0
-1.0
-1.0
-1.0
-1.0
-1.0
-1.0
-1.0
-1.0
-1.0
-1.0
-1.0
-1.0
-1.0
-1.0
-1.0
-1.0
-1.0
-1.0
-1.0
-1.0
-1.0
-1.0
-1.0
-1.0
-1.0
-1.0
-1.0
-1.0
-1.0
-1.0
-1.0
-1.0
-1.0
-1.0
-1.0
-1.0
-1.0
-1.0
-1.0
0.863333
-1.0
-1.0
-1.0
-1.0
-0.146667
-1.0
-1.0
-1.0
-1.0
-1.0
-1.0
-1.0
-1.0
-1.0
-1.0
-1.0
-1.0
-1.0
-1.0
-1.0
-1.0
-1.0
-1.0
-1.0
-1.0
-1.0
-1.0
-1.0
-1.0
-1.0
-1.0
-1.0
-1.0
-1.0
-1.0
-1.0
-1.0
-1.0
-1.0
-1.0
-1.0
-1.0
-1.0
-1.0
-1.0
-1.0
-1.0
-1.0
-1.0
-1.0
-1.0
-1.0
-1.0
-1.0
-1.0
-1.0
-1.0
-1.0
-1.0
-1.0
-1.0
-1.0
-1.0
-1.0
-1.0
-1.0
-1.0
-1.0
-1.0
-1.0
-1.0
-1.0
-1.0
-1.0
-1.0
-1.0
-1.0
-1.0
-1.0
-1.0
-1.0
-1.0
-1.0
-0.316667
-1.0
-1.0
-1.0
-1.0
-1.0
-1.0
-1.0
-1.0
-1.0
-1.0
-1.0
-1.0
-1.0
-1.0
-1.0
-1.0
-1.0
-1.0
-1.0
-1.0
-1.0
-1.0
-1.0
-1.0
-1.0
-1.0
-1.0
-1.0
-1.0
-1.0
-1.0
-1.0
-1.0
-1.0
-1.0
-1.0
-1.0
-1.0
-1.0
-1.0
-1.0
-1.0
-1.0
-1.0
-1.0
-1.0
-1.0
-1.0
-1.0
-1.0
-1.0
-1.0
-1.0
-1.0
-1.0
-1.0
-1.0
-1.0
-1.0
-1.0
-1.0
-1.0
-1.0
-1.0
-1.0
-1.0
-1.0
-1.0
-1.0
-1.0
-0.603333
-1.0
-1.0
-1.0
-1.0
-1.0
-1.0
-0.513333
-1.0
-1.0
-1.0
-1.0
-1.0
-1.0
-1.0
-1.0
-1.0
-1.0
-1.0
-1.0
-1.0
-1.0
-1.0
-1.0
-1.0
-1.0
-1.0
-1.0
-1.0
-1.0
-1.0
-1.0
-1.0
-1.0
-1.0
-1.0
-1.0
-1.0
-1.0
-0.33
-1.0
-1.0
-1.0
-1.0
-1.0
-1.0
-1.0
-1.0
-1.0
-1.0
-1.0
-1.0
-0.28
-1.0
-1.0
-1.0
-1.0
-1.0
-1.0
-1.0
-1.0
-1.0
-1.0
-1.0
-1.0
-1.0
-1.0
-1.0
-1.0
-1.0
-1.0
-1.0
-1.0
-1.0
-1.0
-1.0
-1.0
-1.0
-1.0
-1.0
-1.0
-1.0
-1.0
-1.0
-1.0
-1.0
-1.0
-1.0
-1.0
-1.0
-1.0
-1.0
-1.0
-1.0
-1.0
-1.0
-1.0
-1.0
-1.0
-1.0
-1.0
-1.0
-1.0
-1.0
-1.0
-1.0
-1.0
-1.0
-1.0
-1.0
-1.0
-1.0
-1.0
-1.0
-1.0
-1.0
-1.0
0.536667
-1.0
-1.0
-0.3
-1.0
-1.0
-1.0
-1.0
-1.0
-1.0
-1.0
-1.0
-1.0
-1.0
-1.0
-1.0
-1.0
-1.0
-1.0
-1.0
-1.0
-1.0
-1.0
-1.0
-1.0
-1.0
-1.0
-1.0
-1.0
-1.0
-1.0
-1.0
-1.0
0.53
-0.416667
-1.0
-1.0
-0.15
-1.0
-1.0
-1.0
-1.0
-1.0
-1.0
-1.0
-1.0
0.683333
-0.23
-1.0
-1.0
-1.0
-1.0
-1.0
-1.0
-1.0
-1.0
-1.0
-0.88
-1.0
-1.0
-1.0
-1.0
-1.0
-1.0
-1.0
-1.0
-1.0
-1.0
-1.0
0.49
-1.0
-1.0
-1.0
-1.0
-1.0
-1.0
-1.0
-1.0
-1.0
-1.0
0.793333
-1.0
-1.0
-1.0
-1.0
-1.0
-0.26
-1.0
-1.0
-1.0
-1.0
-1.0
-1.0
-1.0
-1.0
-1.0
-1.0
-1.0
-1.0
-1.0
-1.0
-1.0
-1.0
-1.0
-1.0
-1.0
-1.0
-1.0
-1.0
-1.0
-1.0
-1.0
-1.0
-1.0
-1.0
-1.0
-1.0
-1.0
-1.0
-1.0
-1.0
-1.0
-1.0
-1.0
-1.0
-1.0
-1.0
-1.0
-1.0
-1.0
-0.213333
-1.0
-1.0
-1.0
-1.0
-1.0
-1.0
0.206667
-1.0
-1.0
-1.0
-1.0
-0.44
-1.0
-1.0
-1.0
-0.463333
-0.406667
-1.0
-1.0
-1.0
-1.0
-1.0
-1.0
-1.0
-0.183333
-1.0
-1.0
-1.0
-1.0
-1.0
-1.0
-1.0
-1.0
-1.0
-1.0
-1.0
-1.0
-1.0
-1.0
-1.0
-1.0
-1.0
-1.0
-1.0
-1.0
-1.0
-1.0
-1.0
-1.0
-1.0
-1.0
-1.0
-1.0
-1.0
-1.0
-1.0
-1.0
-1.0
-1.0
-1.0
-1.0
-1.0
-1.0
-1.0
-1.0
-1.0
-1.0
-1.0
-1.0
-1.0
-1.0
-1.0
-1.0
-1.0
-1.0
-1.0
-1.0
-1.0
-1.0
-1.0
-1.0
-1.0
-1.0
-1.0
-1.0
-1.0
-1.0
-1.0
-1.0
0.986667
-1.0
-1.0
-1.0
-1.0
-1.0
-1.0
-1.0
-1.0
-1.0
-1.0
-1.0
-1.0
-1.0
-1.0
-1.0
-1.0
-1.0
-1.0
-1.0
-1.0
-1.0
-1.0
-1.0
-1.0
-1.0
-1.0
-1.0
-1.0
-1.0
-1.0
-1.0
-1.0
-1.0
-1.0
-1.0
-1.0
-1.0
-1.0
-1.0
-1.0
-1.0
-1.0
-1.0
-1.0
-1.0
-1.0
-1.0
-1.0
-1.0
-1.0
-1.0
-1.0
-1.0
-1.0
-1.0
-1.0
-1.0
-1.0
-1.0
-1.0
-1.0
-1.0
-1.0
-1.0
-1.0
-1.0
-1.0
-1.0
-1.0
-1.0
-1.0
-1.0
-1.0
-1.0
-1.0
-1.0
-1.0
-1.0
-1.0
-1.0
-1.0
-1.0
-1.0
-1.0
-1.0
-1.0
-1.0
-1.0
-1.0
-1.0
-1.0
-1.0
-1.0
-1.0
-1.0
-1.0
-1.0
-1.0
-1.0
-1.0
-1.0
-1.0
-1.0
-1.0
-1.0
-1.0
-1.0
-1.0
-1.0
-1.0
-1.0
-1.0
-1.0
-1.0
-1.0
-1.0
-1.0
-1.0
-1.0
-1.0
-1.0
-1.0
-1.0
-1.0
-1.0
-1.0
-1.0
-1.0
-1.0
-1.0
-1.0
-1.0
-1.0
-1.0
-1.0
-1.0
-1.0
-0.336667
-1.0
-1.0
-1.0
-1.0
-1.0
-1.0
-1.0
-1.0
-1.0
-1.0
-1.0
-1.0
-1.0
-1.0
-1.0
-1.0
-1.0
-1.0
-1.0
-1.0
-1.0
-1.0
-1.0
-1.0
-1.0
-1.0
-1.0
-1.0
-1.0
-1.0
-1.0
-1.0
-1.0
-0.766667
-1.0
-1.0
-1.0
-1.0
-1.0
-1.0
-1.0
-1.0
-1.0
-1.0
-1.0
-1.0
-1.0
-1.0
-1.0
-1.0
-1.0
-1.0
-1.0
-1.0
-1.0
-1.0
-1.0
-1.0
-1.0
-0.11
-1.0
-1.0
-1.0
-1.0
-1.0
0.92
-1.0
-1.0
-1.0
-1.0
-1.0
-1.0
-1.0
-1.0
-1.0
-1.0
-1.0
-1.0
-1.0
-1.0
-1.0
-1.0
-1.0
-0.556667
-1.0
-1.0
-1.0
-1.0
-1.0
-1.0
-1.0
-1.0
-1.0
-1.0
-1.0
-1.0
-1.0
-1.0
-1.0
-1.0
-1.0
-1.0
-1.0
-1.0
-1.0
-1.0
-1.0
-1.0
-1.0
-1.0
-1.0
-1.0
-1.0
-1.0
-1.0
-1.0
-1.0
-1.0
-1.0
-1.0
-1.0
-1.0
-1.0
-1.0
-1.0
-1.0
-1.0
-1.0
-1.0
-1.0
-1.0
-1.0
-1.0
-1.0
-1.0
-1.0
-1.0
-1.0
-1.0
-1.0
-1.0
-1.0
-1.0
-1.0
-1.0
-1.0
-1.0
-1.0
-1.0
-1.0
-1.0
-1.0
-1.0
-1.0
-1.0
-1.0
-1.0
-1.0
-1.0
-1.0
-1.0
-1.0
-1.0
-1.0
-1.0
-1.0
-1.0
-1.0
-0.016667
-1.0
-1.0
-1.0
-1.0
-0.616667
-1.0
-1.0
-1.0
-1.0
-1.0
-1.0
-1.0
-1.0
-1.0
-1.0
-1.0
-1.0
-1.0
-1.0
-1.0
-1.0
-1.0
-1.0
-1.0
-1.0
-1.0
-1.0
-1.0
-1.0
-1.0
-1.0
-1.0
-1.0
-1.0
-1.0
-1.0
-1.0
-1.0
-1.0
-1.0
-1.0
-1.0
-1.0
-1.0
-1.0
-1.0
-1.0
-1.0
-1.0
-1.0
-1.0
-1.0
-1.0
-1.0
-1.0
-1.0
-1.0
-1.0
-1.0
-1.0
-1.0
-1.0
-1.0
-1.0
-1.0
-1.0
-1.0
-1.0
-1.0
-1.0
-1.0
-1.0
-1.0
-1.0
-1.0
-1.0
-1.0
-1.0
-1.0
-1.0
-1.0
-1.0
-1.0
-1.0
-1.0
-1.0
-0.246667
-1.0
-1.0
-1.0
-1.0
-1.0
-1.0
-1.0
-1.0
-1.0
-1.0
-1.0
-1.0
-1.0
-1.0
-1.0
-1.0
-1.0
-1.0
-1.0
-1.0
-1.0
-1.0
-1.0
-1.0
-1.0
-1.0
-1.0
-1.0
-1.0
-1.0
-1.0
-1.0
-1.0
-1.0
-1.0
-1.0
-1.0
0.853333
-1.0
-1.0
-1.0
-1.0
-1.0
-1.0
-1.0
-1.0
-1.0
-1.0
-1.0
-1.0
-1.0
-1.0
-1.0
-1.0
-1.0
-1.0
-1.0
-1.0
-1.0
-1.0
-1.0
-1.0
-1.0
-1.0
-1.0
-1.0
-1.0
-1.0
-1.0
-1.0
-1.0
-1.0
-1.0
-1.0
-1.0
-1.0
-1.0
-1.0
-1.0
-1.0
-0.42
-1.0
-1.0
-1.0
-1.0
-1.0
-1.0
-1.0
-1.0
-1.0
-1.0
-1.0
-1.0
-1.0
-1.0
-1.0
-1.0
-1.0
-1.0
-1.0
-1.0
-1.0
-1.0
-1.0
-1.0
-0.42
-1.0
-1.0
-1.0
-1.0
-1.0
-1.0
-1.0
-1.0
-1.0
0.943333
-1.0
-1.0
-1.0
-1.0
-1.0
-1.0
-1.0
-1.0
-1.0
-1.0
-1.0
-1.0
-1.0
-1.0
-1.0
-1.0
-1.0
-1.0
-1.0
-1.0
-1.0
-1.0
-1.0
-1.0
-1.0
-1.0
0.57
-1.0
-1.0
-1.0
-1.0
-1.0
-1.0
-1.0
-1.0
-1.0
-1.0
-1.0
-1.0
-1.0
-1.0
-1.0
-1.0
-1.0
-1.0
-1.0
-1.0
-1.0
-1.0
-1.0
-1.0
-1.0
-1.0
-1.0
-1.0
-1.0
-1.0
-1.0
-1.0
-1.0
-0.276667
-1.0
-1.0
-1.0
-1.0
-1.0
-1.0
-0.483333
-1.0
-1.0
-1.0
-1.0
-1.0
-1.0
-1.0
-1.0
-1.0
-1.0
-1.0
-1.0
-1.0
-1.0
-1.0
-1.0
-1.0
-1.0
-1.0
-1.0
-1.0
-1.0
-1.0
-1.0
-1.0
-1.0
-1.0
-1.0
-1.0
0.753333
-1.0
0.943333
-1.0
-0.113333
-1.0
-1.0
-1.0
-1.0
-1.0
-1.0
-1.0
-1.0
-1.0
-1.0
-1.0
-1.0
-1.0
-1.0
-1.0
-1.0
-1.0
-1.0
-1.0
-1.0
-1.0
-1.0
-1.0
-1.0
-1.0
-1.0
-1.0
-1.0
-1.0
-1.0
-1.0
-1.0
-1.0
-1.0
-1.0
-1.0
-1.0
-1.0
-1.0
-1.0
-1.0
-1.0
-1.0
-1.0
-1.0
-1.0
-1.0
-1.0
-1.0
-1.0
-1.0
-1.0
-1.0
0.966667
-1.0
-1.0
-1.0
-1.0
-1.0
-1.0
-1.0
-1.0
-1.0
-1.0
-1.0
-1.0
-1.0
-1.0
-1.0
-1.0
-1.0
-1.0
-1.0
-1.0
-1.0
-1.0
-1.0
-1.0
-1.0
-1.0
-1.0
-1.0
-1.0
-1.0
-1.0
-1.0
-1.0
-1.0
-1.0
-1.0
-1.0
-1.0
-1.0
-1.0
-1.0
-1.0
-1.0
-1.0
-1.0
-1.0
-1.0
-1.0
-1.0
-1.0
-1.0
-1.0
-1.0
-0.11
-1.0
-1.0
-1.0
-1.0
-1.0
-1.0
-1.0
-1.0
-1.0
-1.0
-1.0
-1.0
-0.033333
-1.0
-1.0
-1.0
-1.0
-1.0
-1.0
-1.0
-1.0
-1.0
-1.0
-1.0
-0.046667
-1.0
-1.0
-1.0
-1.0
-1.0
-1.0
-1.0
-1.0
-1.0
-1.0
-1.0
-1.0
-1.0
-1.0
-1.0
0.63
-1.0
-1.0
-1.0
-1.0
-1.0
-1.0
-1.0
-1.0
-1.0
-1.0
-1.0
-1.0
-1.0
-1.0
-1.0
-1.0
-1.0
-1.0
-1.0
-1.0
-1.0
-1.0
-1.0
-1.0
-1.0
-1.0
-1.0
-1.0
-1.0
-1.0
-1.0
-1.0
-1.0
-1.0
-1.0
-1.0
-1.0
-1.0
-1.0
-1.0
-1.0
-1.0
-1.0
-1.0
-1.0
-1.0
-1.0
-1.0
-1.0
-1.0
-1.0
-1.0
-1.0
-1.0
-1.0
-1.0
-1.0
-1.0
-1.0
-1.0
-1.0
-1.0
-1.0
-1.0
-1.0
-1.0
-1.0
-1.0
-1.0
-1.0
-0.17
-1.0
-1.0
-0.07
-1.0
-1.0
-1.0
-1.0
-1.0
-1.0
-1.0
-1.0
-1.0
-1.0
-1.0
-1.0
-1.0
-1.0
-1.0
-1.0
-1.0
-1.0
-1.0
-1.0
-1.0
-1.0
-1.0
-1.0
-1.0
-1.0
-1.0
-1.0
-1.0
-1.0
-1.0
-1.0
-1.0
-1.0
-1.0
-1.0
-1.0
-1.0
-1.0
-1.0
-1.0
-1.0
-0.14
-1.0
-0.22
-1.0
-1.0
-1.0
-1.0
-1.0
-1.0
-1.0
-1.0
-1.0
-1.0
-1.0
-1.0
-1.0
-1.0
-1.0
-1.0
-1.0
-1.0
-1.0
-1.0
-1.0
-1.0
-1.0
-1.0
-1.0
-1.0
-1.0
-0.04
-1.0
-1.0
-1.0
-1.0
-1.0
-1.0
-1.0
-1.0
-1.0
-1.0
-1.0
-1.0
-1.0
-1.0
-1.0
-1.0
-1.0
-1.0
-1.0
-0.253333
-1.0
-1.0
-0.103333
-1.0
-1.0
-1.0
-1.0
-1.0
-1.0
-1.0
-0.866667
-0.02
-1.0
-1.0
-1.0
-0.573333
-1.0
-1.0
-1.0
-1.0
-1.0
-1.0
-1.0
-1.0
-1.0
-1.0
-1.0
-1.0
-1.0
-1.0
-1.0
-1.0
-1.0
-1.0
-1.0
-1.0
-1.0
-1.0
-1.0
-1.0
-1.0
-1.0
-1.0
-1.0
-1.0
-1.0
-1.0
-1.0
-1.0
-1.0
-1.0
-1.0
-1.0
-1.0
-1.0
-1.0
-1.0
-1.0
-1.0
-1.0
-1.0
-1.0
-1.0
-1.0
-1.0
-1.0
-1.0
-1.0
-1.0
-1.0
-1.0
-1.0
-1.0
-1.0
-1.0
-1.0
-1.0
-1.0
-1.0
-1.0
-1.0
-0.05
-1.0
-1.0
-1.0
-1.0
-1.0
-1.0
-1.0
-1.0
-1.0
-1.0
-1.0
-1.0
0.883333
-1.0
-1.0
-1.0
-0.043333
-1.0
-1.0
-1.0
-1.0
-1.0
-1.0
-0.066667
-1.0
-1.0
-1.0
-1.0
-1.0
-1.0
-1.0
-1.0
-1.0
-1.0
-1.0
-1.0
-1.0
-0.086667
-1.0
-1.0
-1.0
-1.0
-1.0
-1.0
-1.0
-1.0
-1.0
-1.0
-1.0
-1.0
-0.106667
-1.0
-1.0
-1.0
-1.0
-1.0
-1.0
-1.0
-1.0
-1.0
-1.0
-1.0
-1.0
-1.0
-1.0
-0.04
-1.0
-1.0
-1.0
-1.0
-1.0
-1.0
-1.0
-1.0
-1.0
-1.0
-1.0
-1.0
-1.0
-1.0
-1.0
-1.0
-1.0
-1.0
-1.0
-1.0
-1.0
-1.0
-1.0
-1.0
-1.0
0.976667
-1.0
-1.0
-1.0
-1.0
-1.0
-1.0
-1.0
-1.0
-1.0
-1.0
-1.0
-1.0
-1.0
-1.0
-1.0
-1.0
-1.0
-1.0
-1.0
-1.0
-1.0
-1.0
-1.0
-1.0
-1.0
-1.0
-1.0
-1.0
-1.0
-1.0
-1.0
-1.0
-1.0
-1.0
-1.0
-1.0
-1.0
-1.0
-1.0
-0.203333
-1.0
-1.0
-1.0
-1.0
-1.0
-1.0
-1.0
-1.0
-1.0
-1.0
-1.0
-1.0
-1.0
-0.14
-1.0
-1.0
-1.0
-1.0
-1.0
-1.0
-1.0
-1.0
-1.0
-1.0
-1.0
-1.0
-1.0
-1.0
-1.0
-1.0
-1.0
-1.0
-1.0
-1.0
-1.0
-1.0
-1.0
-1.0
-1.0
-1.0
0.88
-1.0
-1.0
-1.0
-1.0
-0.026667
-1.0
-1.0
-1.0
-1.0
-1.0
-0.68
-1.0
-1.0
-1.0
-1.0
-1.0
-0.12
-1.0
-1.0
-1.0
-1.0
-1.0
-1.0
-1.0
-1.0
-1.0
-1.0
-1.0
-1.0
-1.0
-1.0
-1.0
-1.0
-1.0
-1.0
-1.0
-1.0
-1.0
-1.0
-1.0
-1.0
-1.0
-1.0
-1.0
-1.0
-1.0
-1.0
-1.0
-1.0
-1.0
-1.0
-1.0
-1.0
-1.0
-1.0
-0.463333
-1.0
-1.0
-1.0
-1.0
-0.14
-1.0
-1.0
-1.0
-1.0
-1.0
-1.0
-1.0
-1.0
-1.0
0.953333
-1.0
-1.0
-1.0
-1.0
-1.0
-1.0
-1.0
-1.0
-1.0
-1.0
-1.0
-1.0
-1.0
-1.0
-1.0
-1.0
-1.0
-1.0
-1.0
-1.0
-1.0
-1.0
-1.0
-1.0
-1.0
-1.0
-1.0
-1.0
-1.0
-1.0
-1.0
-1.0
-1.0
-1.0
-1.0
-1.0
-1.0
-1.0
-1.0
-1.0
-1.0
-1.0
-1.0
-1.0
-1.0
-1.0
-1.0
-1.0
-1.0
-1.0
-1.0
-1.0
-1.0
-1.0
-1.0
-1.0
-1.0
-1.0
-1.0
-1.0
-1.0
-1.0
-1.0
-1.0
-1.0
-1.0
-1.0
-1.0
-1.0
-1.0
-1.0
-1.0
-1.0
-1.0
-1.0
-1.0
-0.073333
-1.0
-1.0
-1.0
-1.0
-1.0
-1.0
-1.0
-1.0
-1.0
-1.0
-1.0
-1.0
-1.0
-1.0
-1.0
-1.0
-1.0
-1.0
-1.0
-1.0
-1.0
-1.0
-1.0
-1.0
-1.0
-1.0
-1.0
-1.0
-1.0
-1.0
-1.0
-1.0
-1.0
-1.0
-1.0
-1.0
-1.0
-1.0
-1.0
-1.0
-1.0
-1.0
-1.0
-1.0
-1.0
-1.0
-1.0
-1.0
-1.0
-1.0
-1.0
-1.0
-1.0
-1.0
-1.0
-1.0
-1.0
-1.0
-1.0
-1.0
-1.0
-1.0
-1.0
0.58
-1.0
-1.0
0.55
-1.0
-1.0
-1.0
-1.0
-0.506667
-1.0
-1.0
-1.0
-1.0
-1.0
-1.0
-1.0
-1.0
-1.0
-1.0
-1.0
-1.0
-1.0
-1.0
-1.0
-1.0
-1.0
-1.0
-1.0
-1.0
-1.0
-0.14
-1.0
-1.0
-1.0
-1.0
-1.0
-1.0
-1.0
-1.0
-0.2
-1.0
0.686667
-1.0
-1.0
-1.0
-1.0
-1.0
-1.0
-1.0
-1.0
0.693333
-1.0
-1.0
-1.0
-1.0
-1.0
-1.0
-1.0
-1.0
-1.0
-1.0
-1.0
-1.0
-1.0
-1.0
-1.0
-1.0
-1.0
-1.0
-1.0
-1.0
-1.0
-1.0
-1.0
-0.946667
-1.0
-1.0
-1.0
-1.0
-1.0
-1.0
-1.0
-1.0
-1.0
-1.0
-0.2
-1.0
-1.0
-1.0
-1.0
-1.0
-1.0
-1.0
-1.0
-0.576667
-1.0
-1.0
-1.0
-1.0
-1.0
0.18
-1.0
-1.0
-1.0
-1.0
-1.0
-1.0
-1.0
-1.0
-1.0
-1.0
0.74
-1.0
-1.0
-1.0
-0.1
-1.0
-1.0
0.56
0.616667
-1.0
-1.0
-1.0
-1.0
-1.0
-1.0
-1.0
-1.0
-1.0
-1.0
-1.0
-1.0
-1.0
-1.0
-1.0
-1.0
-1.0
-1.0
-1.0
-1.0
-1.0
-1.0
-1.0
-1.0
-1.0
-1.0
-0.12
-1.0
-0.313333
-1.0
-1.0
-1.0
-1.0
-0.026667
-1.0
-1.0
-1.0
-1.0
-1.0
-1.0
-1.0
-1.0
-1.0
-1.0
-1.0
-1.0
-1.0
-1.0
-1.0
-1.0
-1.0
-1.0
-1.0
-0.056667
-1.0
-1.0
-1.0
-1.0
-1.0
-1.0
-1.0
-1.0
-1.0
-1.0
-1.0
-1.0
-1.0
-1.0
-0.27
-1.0
-1.0
-1.0
-1.0
-1.0
-0.26
-1.0
-1.0
-1.0
-1.0
-1.0
-1.0
-1.0
-1.0
-1.0
-1.0
-1.0
-1.0
-1.0
-1.0
-1.0
-1.0
-1.0
-1.0
-1.0
-1.0
-1.0
-1.0
-1.0
-1.0
-1.0
-1.0
-1.0
-1.0
-1.0
-1.0
-1.0
-0.28
-1.0
-1.0
-1.0
-1.0
-1.0
-1.0
-1.0
-1.0
-1.0
-1.0
-1.0
-1.0
-1.0
-1.0
-1.0
-1.0
-1.0
0.896667
-1.0
-1.0
-1.0
-0.476667
-1.0
-1.0
-1.0
-0.136667
-1.0
-1.0
-1.0
-1.0
0.273333
-1.0
-1.0
-1.0
-1.0
-0.703333
-1.0
-1.0
-1.0
-1.0
-1.0
-0.466667
-1.0
-1.0
-1.0
-1.0
-1.0
-1.0
-0.676667
-1.0
-1.0
-1.0
-1.0
-1.0
-1.0
-1.0
-1.0
-1.0
-1.0
-0.153333
-0.456667
-1.0
-1.0
-1.0
-1.0
-0.383333
-1.0
-1.0
-1.0
-0.036667
-1.0
-1.0
-1.0
-1.0
-1.0
-1.0
-1.0
-1.0
-1.0
-1.0
-1.0
-1.0
-1.0
-1.0
-1.0
-0.723333
-1.0
-1.0
-1.0
-1.0
-1.0
-1.0
-1.0
-1.0
-1.0
-1.0
-1.0
-1.0
-1.0
-1.0
-1.0
-1.0
-1.0
-1.0
-1.0
-1.0
-1.0
-1.0
-1.0
-1.0
-1.0
-1.0
-1.0
-1.0
-1.0
-1.0
-1.0
-1.0
-1.0
-0.186667
-1.0
-1.0
-1.0
-0.926667
-1.0
-1.0
-1.0
0.256667
-1.0
-1.0
-1.0
-1.0
-1.0
-1.0
-1.0
-1.0
-1.0
-1.0
-1.0
-1.0
-1.0
-1.0
-1.0
-1.0
-1.0
-1.0
0.846667
-1.0
-1.0
-1.0
-1.0
-1.0
-1.0
-1.0
-1.0
0.96
-1.0
-1.0
-1.0
-1.0
-1.0
-1.0
-1.0
-1.0
-1.0
-1.0
-1.0
-1.0
-1.0
-1.0
-1.0
-1.0
-1.0
-1.0
-1.0
0.473333
-1.0
-1.0
-1.0
-1.0
-1.0
-1.0
-1.0
-1.0
-1.0
-1.0
-1.0
-1.0
-1.0
-1.0
-1.0
-1.0
-1.0
-1.0
-1.0
-1.0
-1.0
-1.0
-1.0
-1.0
-1.0
-1.0
-1.0
-1.0
-1.0
-1.0
-1.0
-1.0
-0.343333
-1.0
0.686667
-1.0
-1.0
-1.0
-1.0
-1.0
-1.0
-1.0
-1.0
-1.0
-1.0
-1.0
-1.0
-1.0
-1.0
-1.0
0.693333
-1.0
-1.0
-1.0
-1.0
-1.0
-1.0
-1.0
-1.0
-1.0
-1.0
-1.0
-1.0
-1.0
-1.0
-1.0
-1.0
-1.0
-1.0
-1.0
-1.0
-1.0
-1.0
-1.0
-0.17
-1.0
-1.0
-1.0
0.586667
-1.0
-1.0
-1.0
-1.0
-1.0
-1.0
-1.0
-1.0
-1.0
-1.0
-1.0
-1.0
-1.0
-1.0
-1.0
-1.0
-1.0
-1.0
0.94
-1.0
-1.0
-1.0
-1.0
-1.0
-1.0
-1.0
-1.0
-1.0
-1.0
-1.0
-1.0
-1.0
-1.0
-0.016667
-1.0
-1.0
-1.0
-1.0
0.79
-1.0
-1.0
-1.0
-1.0
-1.0
-1.0
-1.0
-1.0
-1.0
-1.0
-1.0
-1.0
-1.0
-1.0
-1.0
-1.0
-1.0
-1.0
-1.0
-1.0
-1.0
-1.0
-1.0
-1.0
-1.0
-1.0
-1.0
-1.0
-0.303333
-1.0
-1.0
-1.0
-1.0
-1.0
-1.0
-1.0
-1.0
-1.0
-1.0
-1.0
-1.0
-1.0
-1.0
-1.0
-1.0
-1.0
-1.0
-1.0
-1.0
-1.0
-1.0
-1.0
-1.0
-1.0
-1.0
-1.0
-0.563333
-1.0
-1.0
-1.0
-1.0
-1.0
-1.0
-1.0
-1.0
-1.0
-1.0
-1.0
-1.0
-1.0
-1.0
-1.0
-1.0
-1.0
-1.0
-1.0
-1.0
-1.0
-1.0
-1.0
-1.0
-1.0
-1.0
-1.0
-1.0
-1.0
-1.0
-1.0
-1.0
-1.0
-1.0
-0.773333
-1.0
-1.0
-1.0
-1.0
-1.0
-1.0
-1.0
-1.0
-1.0
-1.0
-1.0
-1.0
-1.0
-1.0
-1.0
-1.0
-1.0
-1.0
-1.0
-1.0
-1.0
-1.0
-1.0
-1.0
-1.0
-1.0
-1.0
-1.0
-1.0
-1.0
-1.0
-1.0
-1.0
-1.0
-1.0
-1.0
-1.0
-1.0
-1.0
-1.0
-1.0
-1.0
-1.0
-1.0
-1.0
-1.0
-1.0
-1.0
-1.0
-1.0
-0.186667
-1.0
-1.0
-1.0
-1.0
-1.0
-1.0
-1.0
-1.0
-1.0
-1.0
-1.0
-1.0
-1.0
-1.0
-1.0
-1.0
-1.0
-1.0
-1.0
-1.0
-1.0
-1.0
-1.0
-1.0
-1.0
-0.136667
-1.0
-1.0
-1.0
-1.0
-0.543333
-1.0
-1.0
-1.0
-1.0
-1.0
-1.0
-0.543333
-1.0
0.483333
-1.0
-1.0
-1.0
-1.0
-1.0
-1.0
-1.0
-1.0
-1.0
-1.0
-1.0
-1.0
-0.186667
-1.0
-1.0
-1.0
-1.0
-1.0
-1.0
-1.0
-1.0
-1.0
-1.0
-1.0
-1.0
-1.0
-1.0
-1.0
-1.0
-1.0
-1.0
-1.0
-1.0
-1.0
-1.0
-1.0
-1.0
-1.0
-1.0
-1.0
-1.0
-1.0
-1.0
-1.0
-1.0
-1.0
-0.14
-1.0
-1.0
-1.0
-1.0
-1.0
-1.0
-1.0
-1.0
-1.0
-1.0
-1.0
-1.0
-1.0
-1.0
-1.0
-1.0
-1.0
-1.0
-1.0
-1.0
-1.0
-1.0
-1.0
-1.0
-1.0
-1.0
-1.0
-1.0
-1.0
-1.0
-1.0
-1.0
-1.0
-1.0
-1.0
-1.0
-1.0
-1.0
-1.0
-1.0
-1.0
-1.0
-1.0
-1.0
-0.013333
-1.0
-1.0
-1.0
-1.0
-1.0
-1.0
-1.0
-1.0
-1.0
0.883333
-1.0
-1.0
-0.766667
-1.0
-1.0
-1.0
-1.0
-1.0
-1.0
-1.0
-1.0
-1.0
-1.0
-1.0
-1.0
-1.0
-1.0
-1.0
-1.0
-1.0
-1.0
-1.0
-1.0
-1.0
-1.0
-0.9
-1.0
-1.0
-1.0
-1.0
-1.0
-1.0
-1.0
-1.0
-0.273333
-1.0
-1.0
-1.0
-1.0
-1.0
-1.0
-1.0
-1.0
-1.0
-1.0
-1.0
-1.0
-1.0
-1.0
-1.0
-1.0
-1.0
0.603333
-1.0
-1.0
-0.036667
-1.0
-1.0
-1.0
-1.0
-1.0
-1.0
-1.0
-1.0
-1.0
-1.0
-1.0
-1.0
-0.216667
-0.183333
-0.2
-1.0
-1.0
-1.0
-1.0
-0.233333
-1.0
-1.0
-1.0
-1.0
-1.0
-1.0
-1.0
-0.203333
-1.0
-1.0
-1.0
-1.0
-1.0
-1.0
-1.0
-1.0
-1.0
-1.0
-1.0
-1.0
-1.0
-1.0
-1.0
-1.0
-1.0
-1.0
-1.0
-1.0
-1.0
-1.0
-1.0
-1.0
-1.0
-1.0
-1.0
-1.0
-1.0
-1.0
-1.0
-1.0
-1.0
-1.0
-1.0
-1.0
-1.0
-1.0
-1.0
-1.0
-1.0
-1.0
-0.643333
-1.0
-1.0
-1.0
-1.0
-1.0
-1.0
-1.0
-1.0
-0.283333
-1.0
-1.0
-1.0
-1.0
-1.0
-1.0
-1.0
-1.0
-1.0
-1.0
-1.0
-1.0
-1.0
-1.0
-1.0
-1.0
-1.0
-0.083333
-1.0
-1.0
-1.0
-1.0
-1.0
-1.0
-1.0
-1.0
-1.0
-1.0
-1.0
-1.0
-1.0
-1.0
-1.0
-1.0
-1.0
-1.0
-1.0
-1.0
-1.0
-1.0
-1.0
-1.0
-1.0
-1.0
-1.0
-1.0
-1.0
-1.0
-1.0
-1.0
-0.486667
-1.0
-1.0
-1.0
-1.0
-1.0
-1.0
-1.0
-1.0
-1.0
0.903333
-1.0
-1.0
-1.0
-1.0
-1.0
-1.0
-1.0
-1.0
-1.0
-1.0
-1.0
-1.0
-1.0
-1.0
-1.0
-1.0
-1.0
-1.0
-1.0
-1.0
-1.0
-1.0
-1.0
-1.0
-1.0
-1.0
-1.0
-1.0
-1.0
-1.0
-1.0
-1.0
-1.0
-1.0
-1.0
-1.0
-1.0
-1.0
-1.0
-1.0
-1.0
-1.0
-1.0
-1.0
-1.0
-0.063333
-1.0
-1.0
-1.0
-0.063333
-1.0
-1.0
-1.0
-1.0
-1.0
-1.0
-1.0
-1.0
-1.0
-1.0
-1.0
-1.0
-1.0
-1.0
-1.0
-0.973333
-1.0
-0.053333
-1.0
-1.0
-1.0
-1.0
-1.0
-1.0
-1.0
-1.0
-1.0
-1.0
-1.0
-1.0
-1.0
-1.0
-1.0
-1.0
-0.793333
-1.0
-1.0
-1.0
-1.0
-1.0
-1.0
-0.203333
-1.0
-1.0
-1.0
-1.0
-1.0
-1.0
-1.0
-1.0
-1.0
-1.0
-1.0
-1.0
-1.0
-1.0
-1.0
-1.0
-1.0
-1.0
-1.0
-1.0
-1.0
-1.0
-1.0
-1.0
-1.0
-1.0
-1.0
-1.0
-1.0
-1.0
-1.0
-1.0
-1.0
-1.0
-1.0
-1.0
-1.0
-1.0
-1.0
-1.0
-1.0
-1.0
0.796667
0.986667
-1.0
-1.0
-1.0
-1.0
-1.0
-1.0
-1.0
-1.0
-1.0
-1.0
-1.0
-1.0
-1.0
-1.0
-1.0
-1.0
-1.0
-1.0
-1.0
-1.0
-1.0
-0.143333
-1.0
-1.0
-1.0
-1.0
-1.0
-1.0
-1.0
-1.0
-1.0
-1.0
-1.0
-1.0
-1.0
-1.0
-1.0
-1.0
-0.086667
-1.0
-1.0
-1.0
-1.0
-1.0
-1.0
-1.0
-1.0
-1.0
-1.0
-1.0
-1.0
-1.0
-1.0
-1.0
-1.0
-1.0
-1.0
-1.0
-0.083333
-1.0
-1.0
-1.0
-1.0
-1.0
-1.0
-1.0
-1.0
-1.0
-1.0
-0.166667
-1.0
