-300
-300
-300
-29
-136
-300
-300
-300
-300
-300
-300
-300
-300
-300
-300
-300
-300
-300
-300
-300
-300
-300
-300
-300
-300
-300
-300
-300
189
-300
-300
-300
-300
-300
-125
-300
-300
-300
-300
-300
-300
-300
-300
-300
-300
-300
-300
-300
-297
-300
-300
-300
-300
-300
-300
-300
-300
-300
-300
-273
-300
-300
-300
-300
-300
-300
-69
-300
-300
-300
-300
-300
-300
-300
-300
-300
-300
-34
-300
-300
-300
-300
197
-300
-300
-300
-300
-300
-300
-300
217
-300
-300
-300
-300
-300
-300
-300
-300
-300
-300
-300
-300
-66
-300
-300
-300
-300
-300
-300
-300
-300
-300
-300
-300
-300
-176
-300
-300
-300
-300
-300
-300
-300
-300
-300
-101
-300
-300
-300
-300
-300
-300
-300
-153
-300
-300
-300
-300
-300
-300
-300
-300
-300
-300
-300
-300
-300
-8
-300
-300
-93
-300
-300
-300
-300
-300
-300
-300
-300
-300
-300
-300
-300
-300
-300
-300
-300
-300
-300
-300
-300
-300
-300
-300
-300
-300
-300
-300
-300
-300
-300
-300
-300
-300
-300
-38
-300
-300
-300
-300
-300
-37
-300
-300
-300
-300
-300
-300
-142
-80
-89
-300
-217
-300
-300
-300
-137
-300
-300
-300
-300
-300
-75
-300
-300
-300
-300
-300
-300
-300
-300
-300
-300
-300
-300
-300
-300
-300
-300
-300
-300
-300
-300
-300
-300
-300
-300
-60
-300
-300
-113
-300
-141
-300
-300
-300
-300
-300
-300
-300
-300
-300
-300
-300
-300
-300
-300
-300
-300
-300
-300
-300
-300
-300
-300
-300
186
-300
-300
-300
-300
-300
-300
-162
-300
-75
-300
-300
-300
-300
-189
-300
-300
-300
-300
-300
-300
-300
-300
-300
-300
-300
-300
-300
-300
-300
-300
-300
-300
-300
-300
-300
-300
-300
-300
-300
-300
-300
-300
-300
-300
-300
-18
-300
-300
-300
-300
-300
-300
-300
-300
-300
-300
-300
-300
-300
-300
-300
-300
-300
112
-300
-62
-160
-300
196
-300
-300
-300
-300
-300
-300
-300
-300
-300
-300
-300
-300
-300
-300
-300
-300
-300
-300
-300
-300
-300
-300
-300
-300
-300
-20
-300
-300
-113
-193
-300
-300
-300
-300
-300
-300
-300
-300
-300
-300
-300
-300
-300
-300
-300
-300
-300
-300
-300
-300
-300
-300
-300
-300
-300
-300
-300
-300
-300
-300
-300
-149
-300
-300
-300
-300
-110
-300
-21
-300
-300
-300
-300
82
-300
-186
-254
-300
-300
-300
-300
-300
-300
-300
-300
-146
-300
-300
-189
-300
-300
-241
-300
-300
-300
-300
-300
-300
-300
-300
-300
-300
-300
-300
-300
-300
165
-129
-300
-300
-206
-300
-49
-300
-94
-28
-300
-300
-300
-131
-171
-300
-300
-86
-128
-300
-108
-162
-300
-300
-270
-300
-300
-300
-300
-300
-300
-300
-168
221
219
-300
289
-300
-37
-300
-300
242
-300
-300
-300
136
-117
-300
64
-300
-71
-300
102
-127
-300
-300
232
-300
-300
-162
-98
-133
-38
-146
-300
-300
-300
-300
-195
-300
139
-300
-22
-300
-300
-127
-300
30
-300
-205
156
-300
229
-258
-300
-300
-300
-300
209
-300
106
-300
-163
-97
-300
8
165
209
101
-300
-300
-300
-87
-300
-135
-170
-300
-262
-119
-101
-120
-197
-300
-300
-125
214
-300
-300
-300
-300
-300
-77
-84
-100
-119
-131
92
-103
198
-300
-122
-300
-300
-300
-95
-300
118
-300
-86
-91
145
-220
-300
-135
-134
-300
-300
-300
-105
-300
239
-83
-300
-125
-128
162
216
226
-112
-300
-236
-53
146
-300
-177
-300
-300
-300
-80
77
-300
-61
-300
-100
-300
15
191
-300
236
-55
123
240
-300
137
247
-300
-84
-300
163
-300
-300
217
-300
-300
202
-268
-300
-300
-300
-300
-76
-139
-300
-226
-74
-300
-173
195
-300
-300
-300
-300
206
-300
-300
-300
-300
-300
147
197
-300
-50
-126
-300
-300
168
-126
-300
-300
-104
-300
-300
-300
-300
126
-300
-300
-300
-300
-142
-150
-300
-300
-300
200
-300
-77
-300
-300
-300
-144
198
-300
-300
-300
196
201
-135
229
231
188
-61
172
-97
-300
-300
-180
-102
-139
-175
-101
-300
204
-300
-300
-300
-300
-109
108
-111
-300
-221
181
-300
-111
-152
-133
-300
-300
-165
-81
185
-85
-207
-300
-169
-300
203
-300
209
-136
-171
-231
-77
-300
-300
179
-121
-93
-83
197
204
-59
-30
-300
-120
-300
224
-11
-97
-300
-300
-174
203
-90
-300
-115
-300
186
-300
79
-47
-93
-89
189
203
-300
-160
-54
-39
111
-85
-64
-197
-300
99
282
-266
-300
-77
-300
-85
176
-263
-78
-300
-300
-108
-119
-300
-104
-300
111
-300
244
-127
215
-300
-300
-115
-49
275
-123
-289
-90
-300
-300
-300
72
-74
-300
-63
-300
197
-300
-109
196
-76
182
-300
-217
-300
227
212
-132
-86
-120
-300
-300
-300
188
-193
-300
-117
-300
196
-159
-300
-94
222
-77
-107
-300
-300
-300
-300
-45
-300
-96
-49
-300
-300
-67
-127
-300
-300
36
-91
233
-124
196
-300
-89
-180
181
-95
224
250
-300
-128
-42
-57
236
-260
-127
185
191
-78
-300
-93
-300
-124
266
-300
237
-141
-103
-98
-300
199
-300
-300
-300
-300
-92
245
-141
-300
196
-52
-300
208
151
-71
283
-130
-300
-300
-300
195
230
-300
-35
-300
-300
-148
-92
-40
-77
203
-300
-300
226
215
149
-300
201
-26
-300
-73
-300
220
237
-98
-300
-300
-117
-300
-74
-300
199
222
261
-44
-191
-300
230
-118
183
219
-107
-72
197
-92
203
-74
-143
-300
198
213
208
-300
183
-81
-300
-115
271
-300
-300
-300
232
213
-127
-300
-112
-125
-300
-300
201
-300
-300
-128
-300
-191
-110
-300
-300
-300
208
198
-300
195
-113
98
-226
-300
-300
249
230
229
-300
-84
-300
-300
-300
-180
-105
194
-65
-242
-100
-300
216
213
-300
-63
-300
211
222
-300
-116
-300
-149
-102
197
209
-300
-60
-300
-300
-300
66
-34
144
-56
-201
201
-154
-137
-300
-88
196
273
252
-86
-241
-95
-300
-93
-178
236
-300
-236
-246
-300
161
249
-73
250
-100
-300
-300
-300
197
-76
235
173
174
-93
232
-162
-300
-300
236
-108
203
-300
193
-110
255
-300
188
192
258
134
-300
-300
-90
-300
-300
-98
218
225
-246
-234
-300
-137
-300
247
-300
195
-300
-300
228
227
-201
229
239
206
-123
-72
258
-111
-73
-113
-300
193
179
221
124
209
250
-79
-127
-49
-5
-257
197
-98
229
133
238
182
211
-59
-300
240
230
164
-300
-137
-300
-110
-300
-97
187
-300
241
231
-106
-300
218
-60
218
-300
-99
-300
-300
91
-300
-300
-96
161
188
-144
198
206
177
-96
-300
-6
205
-230
-300
-300
-163
-300
-65
-49
-300
-300
213
-300
210
-300
-300
254
-80
-300
183
-300
222
179
-300
-300
245
-300
-300
-300
210
-300
-95
206
229
-300
-300
213
-300
210
218
197
-136
-84
-76
203
-38
79
-300
-21
251
269
-300
-300
210
-76
-152
-126
-90
-134
-300
-94
184
-44
-300
-121
-300
-81
248
-300
209
241
-129
-300
-91
-58
-57
-300
-300
-300
224
-300
-72
-300
226
205
-300
-49
196
-300
-300
-300
215
-300
-75
221
233
254
-300
-28
201
235
-300
-300
-75
236
250
220
176
-103
196
-300
100
-118
-300
172
-67
240
-300
-300
136
-300
198
-82
212
249
217
208
-300
215
-103
-80
-300
-65
-300
-43
208
-300
-300
-139
-115
235
-300
242
219
-59
-300
-300
185
244
-65
244
275
-114
227
-84
-224
-51
-10
-300
214
-253
-101
-300
-300
-300
136
216
137
-300
-300
214
-300
-300
-300
241
238
-300
-300
-96
-300
-300
-150
-300
250
114
229
192
-300
-300
-103
-55
-300
271
-27
141
194
206
-300
-60
279
-72
-300
226
-193
-300
-300
-140
203
-87
-68
-300
-75
-300
-71
-99
224
210
112
-103
-300
-300
-300
-81
233
239
-300
240
-91
-152
-53
-300
-109
-300
-51
225
-75
-300
228
205
263
-59
-300
-300
225
201
-104
-300
-300
237
232
-107
-300
-300
-104
-69
-92
-69
188
211
-86
235
-109
-86
-300
-300
-300
-300
-300
269
-300
-300
-300
223
266
-300
213
-66
219
-300
206
-300
209
240
271
226
-300
-123
229
-81
-23
212
-300
-300
225
-300
-62
-264
-300
-95
-57
130
234
234
-94
260
216
-100
246
-300
-300
-300
182
191
-169
-50
241
-200
-300
216
-300
-81
194
228
207
275
212
-110
255
236
-300
-300
227
266
-86
-50
-300
-91
190
216
-300
206
-49
-70
-140
-300
-300
-300
263
-300
-228
-300
-226
227
-300
-300
234
-300
-300
-300
-300
185
-90
209
-300
-84
-300
-300
-300
216
232
-300
-108
-300
-300
218
238
216
-70
-52
-300
-76
-81
-81
223
-104
-72
215
228
169
-300
204
206
232
-6
-73
192
-300
251
-300
-102
-300
199
238
250
212
229
-92
-300
216
242
-300
-50
241
254
251
-300
218
211
229
78
-300
-78
197
-300
100
195
211
223
-68
-300
-300
-300
79
-300
-79
-300
256
-300
-86
-300
-300
-54
-300
-67
-300
-77
-83
220
-300
-108
204
-300
-300
181
229
252
-300
-300
253
-300
254
216
237
-300
260
-21
-252
243
-197
196
-165
207
-300
187
224
-127
244
-79
-300
-139
-300
-300
-300
-11
-65
215
-300
214
-85
234
203
-104
-300
-89
169
-300
-300
238
224
201
200
-300
192
195
-300
214
-300
185
-300
-72
-155
211
-300
237
-300
205
237
207
-25
-149
252
-300
-300
-300
-300
228
-300
-300
-300
-179
-300
-86
-300
-54
-60
-300
-300
209
-300
224
214
-100
222
-300
213
223
-14
-300
225
-300
232
-300
259
224
-300
-56
-300
-88
237
219
254
-300
-300
-78
-64
-98
201
-300
-257
-300
244
274
-300
-300
-92
-300
227
-101
-102
-300
-300
223
-300
-69
-21
235
-300
-94
208
-51
242
279
-300
244
232
-300
199
-300
-32
229
171
-300
-300
211
190
-300
-300
-98
-300
-300
-300
201
-300
172
-45
202
262
222
-300
-300
-203
210
-300
-300
228
-74
-44
207
227
231
213
-65
268
-300
-300
-300
-92
-184
213
278
-94
-78
-300
-300
-300
254
245
218
-300
-300
-300
-65
-76
-300
-300
-300
235
-300
224
-300
214
-100
-300
260
227
239
-184
-300
283
-300
231
219
224
200
-82
217
265
214
-33
-300
-300
262
-300
-300
-300
-195
-300
-300
220
230
181
190
-300
-300
-300
237
232
159
-96
227
-33
-83
-300
-300
-205
-300
230
-300
-300
14
223
-300
196
219
183
259
-57
229
221
-11
-77
-59
225
197
-78
226
-300
-60
-300
237
207
202
-300
-300
-56
206
-75
204
-300
-300
251
195
-300
-300
245
198
80
-300
-300
230
-65
-300
-300
-72
-118
213
-300
246
-300
-67
249
-154
-84
-300
-300
224
248
241
245
153
-300
-45
-300
233
218
204
211
165
-125
-54
-300
-300
-67
-300
188
-300
-83
-88
-300
-300
-300
218
227
-300
-104
230
221
-300
-300
218
220
-116
240
200
-300
70
-300
227
201
222
237
249
241
-300
240
227
-300
-300
218
193
-53
-300
-300
221
-68
-300
-248
224
-300
-300
215
-300
-78
-300
207
-53
141
252
-86
-300
116
-51
252
233
-300
237
-300
129
257
-300
242
-300
195
227
215
-300
228
221
-300
200
196
248
175
-300
-300
230
228
218
-300
-300
-300
-300
242
229
241
223
-300
-300
217
252
236
-300
-162
-300
185
-300
-300
202
190
177
206
262
196
188
-300
-300
178
213
-300
-300
70
-300
-300
-300
-300
-121
213
184
-300
237
-103
19
-69
-300
-160
-300
-300
-55
-300
200
-300
226
268
224
187
220
205
208
-274
241
-300
213
-300
-193
-300
-85
-300
-300
228
-300
-110
245
206
221
184
245
249
-300
-300
-300
-300
223
228
195
241
223
162
220
180
221
226
247
-78
220
228
-300
201
-300
233
217
218
214
-300
-300
217
-300
-300
-62
-88
-300
-300
-96
-300
260
218
230
-300
203
-76
-300
236
232
-91
218
-73
-86
-300
-300
-300
246
-300
-300
182
228
-300
-300
-300
191
-300
242
-300
221
-300
-300
-300
-300
-193
199
238
194
-300
241
-45
-84
132
-300
222
-300
-300
210
-300
165
209
-300
-300
-300
245
-300
-300
-50
-113
-300
228
214
183
-59
186
210
224
-300
-300
-300
218
245
-300
242
193
-154
-300
-300
226
-300
230
-300
-300
238
-14
220
22
208
-300
221
-157
-88
210
-300
154
-300
-300
-81
-300
-300
-300
-300
210
-300
-300
-300
-300
199
-300
99
252
-300
-300
228
229
204
82
-56
226
208
236
255
231
-300
243
-300
-300
-300
-95
-300
-72
-300
-300
-300
-81
218
-300
166
-300
-300
141
198
224
204
-300
-300
226
-40
241
227
234
-300
-300
-300
-147
-128
-300
-300
239
156
-300
-111
236
197
-300
221
-64
231
-300
-300
-57
229
214
-300
-100
167
270
267
-78
225
-49
-300
271
248
237
208
-300
209
-300
-300
232
-300
-300
-93
197
236
-300
163
243
-300
237
212
219
198
215
-300
-129
222
275
-300
212
-300
-300
-300
-6
226
-300
-300
-71
-61
221
209
242
202
-300
-300
257
-300
-300
-300
221
233
181
215
222
242
238
-300
-77
-300
220
-300
242
-300
224
247
282
4
-300
-300
-300
-300
-300
-158
-300
-300
236
-300
-61
239
203
198
-68
188
-300
-258
221
-57
-300
-300
-300
228
-300
246
-300
207
-300
186
-300
226
-300
-300
-300
-73
-59
-63
230
-300
227
179
-300
-300
-300
248
191
-300
222
-300
-300
227
210
-300
239
147
238
-300
275
-103
284
189
238
251
194
214
215
241
-300
-117
-300
241
-300
-174
-300
-300
232
210
-300
-300
207
-58
194
126
220
267
-300
219
-22
218
217
219
-300
-300
257
-300
203
-300
225
215
259
230
-300
-54
238
217
245
269
234
-92
204
-30
216
-98
-300
-80
-300
-37
-300
-133
229
-300
273
209
-85
218
175
244
227
243
-300
-300
102
215
-300
-300
232
236
215
222
236
-300
265
-300
-40
224
-300
-300
-60
-300
219
228
-300
-300
-76
232
219
148
-300
240
219
-300
225
190
203
-300
224
-300
229
-112
-61
224
206
119
-300
193
241
173
246
243
-300
-69
-82
213
-300
243
207
-300
215
240
238
178
-90
234
-63
273
-50
238
238
-300
-300
226
-300
-85
238
-113
239
-104
-300
-300
230
251
-300
239
-300
217
234
257
172
-300
217
272
283
-81
-300
-300
-92
-111
-88
206
277
216
238
241
-124
176
202
225
209
-300
242
208
74
217
-300
224
-300
-300
-300
-300
-62
-300
-300
238
-300
241
198
-300
-300
-112
286
-300
211
247
-300
142
254
186
231
-300
-300
-300
223
-221
-300
-93
230
212
-300
227
-119
-300
231
243
261
260
201
-300
-300
247
218
227
-300
-300
244
240
265
247
218
-300
-300
-300
253
221
-75
149
-300
146
197
-300
226
-68
236
-300
237
247
190
-300
-67
-300
206
-300
-300
160
-300
-300
-300
250
195
244
213
198
-300
-300
-300
-300
212
127
219
-300
-300
-300
-300
162
-300
-300
-300
206
-97
258
-138
-300
-300
193
-300
227
-300
226
-92
216
217
-81
-300
-300
242
-300
-58
-169
231
231
-300
-300
258
215
-300
-300
-300
244
-300
135
-300
-300
250
-68
211
-300
-300
-300
-118
243
195
-300
219
195
214
248
204
-300
-260
-300
203
-91
237
-300
17
222
-300
131
233
-116
-300
-300
147
-300
-300
224
-300
244
230
-300
265
-300
226
-300
239
254
228
-300
255
265
-50
204
-300
-91
250
-300
236
242
216
217
-300
222
238
209
256
206
206
253
208
-300
-52
-76
-67
200
-74
223
-300
265
261
-82
-80
-55
203
256
-300
-300
-139
-80
-69
227
-300
-111
-83
259
-300
247
242
-300
-300
-300
232
-300
-300
-300
227
227
-300
-300
-300
-71
-300
-300
-300
-102
193
-300
205
-300
258
275
-79
-30
-300
-300
-300
-80
240
-130
213
-300
-300
216
-300
-52
205
-300
-300
233
-300
-300
-14
-300
-300
-300
-300
-300
230
209
-300
-300
-300
223
258
216
-101
247
244
-300
223
196
-300
197
214
87
67
237
-300
-300
225
-300
-300
212
-300
209
-300
248
179
-300
242
223
206
-300
236
-300
227
244
213
-300
-300
-300
-38
78
250
-71
-300
-300
-300
-300
-300
-300
-300
-300
-300
216
250
254
198
-300
-300
264
213
221
154
-300
273
226
153
202
182
-300
293
236
174
147
-300
222
221
221
225
248
-72
225
-85
247
235
256
-99
221
-300
-300
187
-300
-85
237
-300
-300
-300
-300
217
229
207
220
226
203
227
-300
171
-56
217
-300
225
233
-300
200
-300
206
219
165
237
210
216
-300
231
251
-300
-300
-300
268
178
-300
230
-300
-300
-300
-300
-136
218
-300
246
225
229
-300
-300
226
193
204
218
266
219
-300
-300
220
-108
250
-61
234
-37
-300
-300
214
-300
226
-82
-102
228
-74
-300
-300
225
238
196
41
-300
-53
-300
-300
-300
231
257
-300
265
-300
213
-300
-300
250
188
-300
-300
213
-76
-69
-300
-104
243
230
-300
-300
-300
222
214
270
-300
-300
191
224
251
246
277
20
251
209
232
241
219
215
-300
256
223
-300
192
-300
255
-300
-300
240
-300
-300
214
215
158
235
258
-300
-92
191
244
-101
-300
237
-300
-300
-300
234
227
178
220
175
-300
-300
-115
-300
233
-300
223
-300
-300
238
223
-300
-300
234
211
-300
-300
225
-300
158
244
-210
-300
-300
-300
-300
-300
-91
-300
-300
-129
235
170
-104
231
198
-300
224
203
-75
264
222
-300
-300
-300
-104
204
-300
-300
238
213
-205
-300
216
135
-300
-300
159
211
215
233
235
176
-300
179
-300
-300
218
-300
164
-300
252
249
-34
-300
288
197
211
217
191
-300
214
-300
202
-300
-300
-72
181
201
-300
-54
-300
256
-300
-300
-300
-300
-300
-123
-300
256
-300
200
-66
-300
-300
241
246
242
208
-300
228
-300
-300
207
-300
245
225
231
-300
199
257
244
213
-300
195
216
124
-300
256
204
195
-300
237
183
198
198
-300
-86
216
239
-77
261
-300
277
-55
264
-81
-300
233
-300
219
-300
241
217
206
-300
-300
-300
-300
-300
-300
213
215
224
-300
156
-71
-300
-300
227
238
217
228
264
-300
235
229
230
-300
230
227
-300
-300
229
224
252
217
-300
-300
-100
272
-300
-300
220
-300
-300
36
-300
-300
-300
213
218
253
-300
-300
256
-300
-300
204
-300
238
-300
-77
262
125
238
-86
216
-300
-300
214
-300
233
-300
225
239
-300
223
-300
-300
235
225
-58
222
-86
-300
-300
-300
-300
237
230
233
-300
-300
210
217
-300
-65
-300
-94
237
258
-300
193
-300
-300
241
61
-300
164
213
-300
234
-300
231
-300
232
219
233
-300
241
-300
208
198
-300
-300
194
236
-300
224
238
-300
-300
-300
-73
-300
230
163
259
-300
220
254
-300
-300
202
220
235
-300
243
-300
203
169
-300
-300
229
217
265
-81
-300
243
-75
226
251
234
-300
217
-300
-300
17
-300
214
215
-86
180
-300
246
-300
-300
227
271
-81
-300
-300
235
-75
225
237
212
228
227
217
-300
218
199
-94
210
249
206
236
203
-300
-300
231
224
-87
-300
221
-300
-300
234
210
206
-300
-300
-300
-300
-300
238
-78
244
-300
-300
130
-300
224
257
-300
-300
-300
-300
225
190
250
209
195
-300
-300
212
-300
-300
-300
-300
222
175
-300
-300
-300
131
257
267
237
243
196
218
266
-300
147
-300
259
-74
259
243
186
262
232
-300
206
-300
-300
-300
235
214
-300
-300
-300
-300
-300
-300
241
254
266
196
-300
-39
-84
230
223
274
-300
212
-300
-300
227
-60
199
-300
-300
96
204
231
211
-300
213
-181
-53
-300
-300
243
240
227
-300
270
239
166
241
-112
252
287
-300
-300
-300
244
-84
157
237
204
-82
219
248
-62
235
-300
228
-300
233
212
237
-300
-300
-300
236
-300
-300
-300
-300
191
213
-300
191
150
228
218
-52
-300
-300
238
-300
249
254
255
219
249
-300
248
-102
-300
191
-300
-72
210
217
222
212
284
-300
216
222
223
234
-83
-300
229
207
251
-300
212
-300
-300
-300
-300
235
-300
121
-300
-300
-300
242
271
-300
222
-300
243
-300
204
228
215
236
229
-300
184
238
-38
210
286
213
221
-300
207
185
247
252
261
244
-300
229
141
-300
178
226
-300
-300
230
237
223
-300
225
174
198
-300
-300
-300
261
-118
-300
-300
230
-300
235
221
231
-300
237
186
-300
216
275
-300
206
235
-300
-300
240
-300
277
-47
222
240
-300
-300
-60
287
258
238
232
-300
-300
257
-300
223
-87
-300
257
288
231
245
272
-300
213
-104
-300
-300
238
215
10
-300
-300
271
-300
-37
-300
-300
-300
-300
-300
-90
-300
-300
202
229
-300
209
-300
-300
236
-92
-36
202
167
-300
239
-300
224
275
215
216
-300
-300
-300
207
201
70
-300
-300
232
236
-93
-300
236
226
229
230
210
225
216
202
221
-300
231
-300
-300
210
-90
232
-300
29
219
-300
212
-300
-300
185
203
-96
197
292
-300
207
-235
237
257
-300
228
244
-300
-300
-300
-55
230
-41
-300
-300
120
237
221
248
-300
-300
-300
218
-300
236
215
-300
-300
198
-300
-300
182
213
-300
-300
204
230
-300
208
200
-300
-300
-300
209
187
218
-68
207
-300
231
240
-300
228
-300
229
194
89
-300
-300
232
278
213
-300
-300
216
217
208
223
228
212
207
171
-76
266
-214
-300
210
-300
204
-300
-300
-300
-300
-300
106
156
151
206
-300
228
-89
245
189
202
228
210
250
259
241
235
225
221
-300
-300
-300
-300
258
248
241
-300
-300
207
-300
212
168
-300
211
-300
-300
-45
251
-300
-300
231
218
251
-300
-300
281
-300
-300
-300
228
190
236
-300
216
220
-300
206
224
-300
-300
191
-300
103
-300
-300
211
229
-300
198
204
-300
192
229
236
220
-300
-300
223
-300
246
203
234
-300
240
223
122
-300
-300
-300
-300
213
99
158
-300
-300
-300
210
-300
-300
249
173
-300
204
222
-300
-83
-300
-79
-300
233
-300
244
213
119
-300
-300
-300
202
200
236
-300
209
248
-300
249
242
223
217
199
-300
-76
247
206
-300
218
217
217
-300
-300
-300
229
-300
233
-300
194
192
-300
230
-300
217
-77
-300
-300
264
-300
220
214
229
236
242
205
225
-300
215
-300
252
218
215
-91
208
-300
243
275
218
237
285
168
262
244
245
-300
-300
-300
-300
221
197
243
202
258
-300
-300
205
237
-300
223
239
266
239
-300
-300
247
-300
226
220
-300
238
224
223
-300
214
235
151
234
250
260
251
-300
225
-300
212
-300
206
224
-300
200
-300
214
236
250
229
227
-300
-300
219
-300
-300
221
210
216
-300
233
-104
257
-300
223
251
-174
-300
-64
151
224
245
207
216
-300
238
-300
-300
233
-300
245
254
209
-300
209
246
269
219
247
-300
246
235
228
-300
258
247
-300
223
173
196
235
244
-300
-300
239
225
240
-300
225
-300
-300
-300
253
-300
214
225
-300
-300
281
214
-300
-300
-300
233
231
-300
244
256
-300
151
235
-300
209
232
-300
-300
225
234
-300
-300
233
222
238
-300
-300
251
-300
-300
206
-300
241
-300
228
-300
-300
-300
257
253
221
153
-300
168
-300
228
267
209
246
259
-163
-300
-300
-300
223
188
-300
-300
230
238
209
-300
217
261
261
242
245
-300
-300
189
-300
230
254
234
195
-300
220
228
-300
-300
218
235
236
185
218
226
-300
227
154
252
240
200
252
225
225
221
-300
268
-300
232
-300
252
238
237
-300
203
144
-300
254
-300
267
187
-102
225
-67
-300
-300
-300
249
-300
213
210
-300
228
227
-300
205
216
-300
250
244
264
172
14
228
249
241
262
232
-300
-300
190
241
-300
231
183
228
-300
-300
224
232
258
-300
-300
266
-300
-300
-300
214
240
235
268
-300
247
283
236
-300
-300
-300
-300
228
260
-300
-300
-300
-300
247
238
237
233
-300
229
-130
-300
250
233
-300
-300
-106
-300
95
82
224
218
-96
268
-300
277
253
-300
34
-300
243
-300
264
-300
212
-300
256
229
217
239
-3
-300
-300
244
-300
-300
-300
125
261
227
-300
-300
249
209
-300
-300
241
213
-300
-300
259
201
192
237
-300
187
242
-300
198
-300
237
264
239
250
272
-300
210
214
-300
251
202
-300
163
-300
251
244
-84
-300
-300
-300
225
197
200
-300
-300
-300
-300
-300
-300
-300
262
233
222
-300
234
242
236
253
231
203
234
-300
227
144
-94
211
-300
-300
-300
234
228
-300
-300
-300
-300
198
-148
244
230
250
214
-300
-300
-300
-88
245
-300
165
-300
-300
207
266
221
209
-300
-300
-300
241
207
186
232
-300
-29
210
-300
-300
-300
249
220
-300
195
-300
234
-167
281
-300
219
-300
204
238
264
213
-300
-300
222
173
-300
-300
234
-300
-300
278
-300
223
-300
-300
225
-300
249
-300
-300
174
-300
-300
262
192
-300
-300
218
196
-88
243
176
-300
-42
283
229
277
246
225
-88
210
204
-300
219
-300
-300
-300
-300
-300
-300
-300
59
-300
251
-300
229
266
216
-300
231
-300
-300
-300
214
225
239
-300
248
241
214
-300
221
249
241
31
263
-300
-300
-300
-300
263
216
235
224
-300
212
-60
-300
224
255
235
243
-218
217
231
-66
-300
-300
-300
-300
-300
237
-300
-300
209
251
-300
-300
-300
256
234
226
-300
-94
288
240
260
-300
-300
232
229
267
235
-300
243
126
-82
250
257
-300
-300
-300
216
224
-300
-300
215
264
-300
-300
-130
228
235
226
-300
218
-300
-300
221
-300
-300
-300
-300
-300
-86
-300
235
-300
-300
226
234
-300
-300
216
-300
-300
236
-300
172
-300
247
251
235
217
205
210
-106
240
-300
-300
-300
-300
207
234
-101
226
-135
-300
230
254
223
266
-300
-300
224
-91
111
247
231
219
260
-300
231
-300
-300
228
233
252
-300
235
240
227
208
230
274
-300
-300
241
174
-300
246
120
251
-300
270
240
256
243
200
-300
-300
229
-300
250
234
215
210
-138
236
-300
225
220
222
-300
239
248
-300
-300
268
-300
-300
-300
-300
-300
230
242
-300
233
256
-300
228
-300
-300
-300
-68
277
240
-300
-300
228
-300
202
-300
-64
254
209
254
202
-300
-300
223
222
239
-300
-300
288
-300
260
-300
239
238
207
-300
-300
238
-300
259
-300
206
240
-300
255
238
-300
254
216
191
-300
226
-300
221
-300
-300
195
-300
-300
-300
270
-300
264
233
-300
261
203
194
-300
223
-248
244
205
-300
235
-29
242
175
222
244
198
-300
-300
-300
-300
171
-300
221
-300
246
249
234
231
204
242
266
219
230
265
215
-300
-300
233
233
-300
-300
206
-300
221
211
-300
252
278
-300
77
237
221
239
231
250
-300
204
204
-300
-300
-300
-300
-300
213
-300
215
231
214
-300
-300
196
271
199
273
219
226
-300
225
241
220
217
242
252
248
65
242
224
-300
-300
228
-300
-300
211
-300
216
-300
234
-300
234
243
-300
-300
-300
-300
219
-82
-300
207
228
-300
234
214
-300
97
-300
204
258
275
-300
-300
-300
-300
197
225
236
-300
216
-76
-72
-300
-300
220
-300
-300
221
237
-300
239
-300
-300
-113
174
-300
205
224
195
214
-300
193
229
243
209
-300
235
179
-300
278
228
-300
-300
266
-54
-300
-300
213
230
213
237
236
-300
224
-300
238
247
205
188
-300
-300
219
242
239
263
-300
214
156
-300
235
-300
211
-300
210
-300
232
221
-300
-300
157
234
180
153
213
188
-300
-300
-300
111
-75
-300
-300
-300
259
231
-300
-258
-84
236
-300
220
242
-300
230
211
222
218
221
-300
210
244
-300
-300
-300
243
246
-300
-300
-300
228
-300
291
214
234
-300
248
285
221
234
-300
245
283
-300
187
234
-300
239
244
-300
-300
238
232
-300
236
227
208
-300
270
-300
-300
-300
246
229
-300
156
-300
231
225
236
221
-300
-300
235
50
211
112
-300
239
250
-300
-300
-300
222
-300
198
203
235
225
124
253
216
-72
-300
221
232
-300
-300
-300
-300
225
226
238
-300
221
238
251
-300
-300
254
-300
-300
-300
226
-300
225
-300
-300
-300
-300
-300
219
214
209
-300
167
228
-300
248
226
-300
221
240
217
-157
219
224
-300
223
237
238
281
-300
-300
243
-300
246
241
222
-300
183
273
-300
197
204
263
202
-300
218
-300
232
234
237
221
248
-300
268
-300
237
-300
-300
227
-300
242
-300
188
-300
-300
-300
237
207
-65
205
-300
-300
215
-300
-300
-300
-300
-300
256
233
-300
-300
222
218
147
-241
188
190
258
-300
223
216
206
148
-300
-300
247
-300
-300
255
-300
-300
241
247
-300
-300
-300
-144
211
200
-300
199
-100
235
-300
-300
206
241
239
242
262
-300
231
-300
235
-300
-300
-300
216
263
241
241
-300
235
230
236
-300
203
285
-300
221
256
267
198
234
-300
213
227
240
-300
-300
233
199
246
231
196
-300
216
216
230
234
-300
-300
-300
-300
-300
196
-300
233
255
218
234
256
-300
-300
266
216
230
-300
272
220
-300
-300
229
-300
193
222
219
-300
207
-300
-300
-300
-300
-300
-300
211
230
-300
-300
-300
213
192
227
-300
-300
244
-300
237
-300
217
-300
224
241
247
218
-300
-300
-65
-300
-300
209
-300
179
234
214
-300
-300
239
260
188
-300
-300
-97
247
234
-300
221
-300
286
-300
-300
-300
240
222
203
-74
-300
253
-300
-116
-300
-300
215
-107
-300
-300
282
-300
-300
-300
-300
223
247
-300
238
-300
226
223
-300
242
223
163
215
230
229
233
-300
219
236
214
241
245
239
225
-300
-88
240
236
-300
-74
-300
-300
235
260
262
233
227
245
247
214
199
-300
244
234
-300
-300
-300
204
209
225
-300
225
268
251
-300
-300
262
252
-300
-300
231
-300
230
216
214
200
224
244
-300
-300
212
167
228
204
-300
-300
-300
106
-300
-300
-300
249
195
219
240
254
274
237
248
-300
228
239
262
240
-300
243
225
-300
224
228
-300
221
-300
-300
241
217
-300
208
-300
-93
-300
-300
-300
-300
198
214
-300
229
235
-300
-300
-300
-300
-300
-300
235
198
237
199
207
-300
239
245
199
241
269
215
-300
-300
192
240
208
198
238
-300
224
230
-300
226
257
225
168
237
-300
-300
-300
-300
-300
-300
216
-79
233
186
231
-300
226
250
-300
245
-300
-95
267
-300
-300
-300
-300
269
237
-300
258
206
272
-300
53
219
166
231
-300
242
201
-300
-300
-300
-300
186
258
-300
-300
266
255
-300
-300
-300
-300
-300
236
-56
-300
225
-300
-300
243
-300
-300
231
223
209
277
-300
-300
-300
-300
250
231
220
-300
-78
244
232
-300
-300
225
236
205
246
189
267
245
261
213
216
-300
222
208
239
-300
217
-300
206
-300
220
228
-300
-300
248
252
-300
-300
218
242
276
103
-300
-47
-69
-300
-300
235
-300
-300
228
202
243
203
227
231
149
-300
238
-300
249
230
-300
242
246
-300
-300
-300
198
266
-300
234
227
248
279
267
-122
-300
196
-300
241
244
-300
264
-300
237
233
226
240
-300
234
-300
-300
212
-300
203
-300
-300
238
226
-300
215
-300
-300
217
218
-300
208
256
-300
225
222
248
-300
-300
-300
216
-300
223
229
292
221
-300
217
228
-300
-300
239
215
6
203
-300
226
-300
225
-300
207
-300
-300
191
230
252
-300
208
247
-300
241
-300
279
235
198
217
194
-300
-300
168
-300
-300
270
218
239
246
251
234
-300
-300
119
-26
-300
-300
-300
184
221
234
236
214
228
-300
240
-300
251
218
246
249
240
-300
218
-50
-300
233
230
222
236
-300
220
-300
216
137
221
222
212
-300
198
150
-300
249
-300
243
241
256
130
-300
237
233
229
251
-300
-300
-300
226
-300
145
235
-300
226
211
203
-300
215
-300
234
255
248
214
220
-300
-300
-300
-97
180
-300
183
-300
232
-300
258
-300
202
214
-300
210
-300
242
223
-300
216
-300
225
222
-300
241
-69
-300
276
-300
-300
-300
206
189
-300
218
214
231
223
-300
-300
-300
-300
-300
200
-300
201
-300
243
253
281
-300
-300
239
-300
-300
242
-300
215
254
228
248
261
-300
248
248
237
239
-300
-300
182
-300
233
-300
224
-300
-300
-300
-300
69
-300
-54
-300
-63
-300
244
-300
236
245
222
193
-300
-300
-300
-300
158
178
236
252
193
240
251
211
-300
211
198
250
233
216
212
239
-300
241
-300
-300
232
251
-300
-300
253
231
231
-300
-300
228
253
-300
-300
-300
197
227
-94
-300
139
236
214
223
-300
235
207
-300
233
247
224
200
-300
-300
265
206
255
-300
229
-90
288
220
-300
220
234
-300
-300
177
-300
186
-300
-300
212
237
-300
-300
-300
246
204
-300
-300
263
231
221
-300
229
245
240
-300
-300
269
222
221
262
234
-300
202
254
-300
234
258
-300
227
228
238
-67
235
223
221
229
214
-300
-300
-300
210
232
-300
-300
251
238
249
122
-300
-300
205
74
247
236
203
225
213
220
200
-76
218
-300
-300
209
170
-300
-300
208
-300
205
215
158
277
223
218
-300
160
-300
152
-300
-300
66
-300
-300
-300
151
-300
231
-300
227
-300
251
-300
233
-300
-300
240
248
-300
-300
221
234
227
210
-300
236
280
241
223
233
221
231
263
-300
219
208
235
238
224
-300
232
-300
-300
-300
245
209
227
-300
-300
-300
235
-300
-300
-300
204
267
264
-300
-300
29
-300
-300
226
235
220
-300
-300
241
247
-300
185
229
-300
-300
-300
248
250
247
78
-300
-300
206
-79
206
-300
-300
-300
215
228
213
-300
235
-300
-300
-300
197
224
-300
-300
293
225
256
-300
-60
-300
85
-300
251
-300
-300
-300
239
252
228
235
187
223
207
-300
219
178
-300
-300
-300
-300
-300
243
-300
240
-300
238
264
-300
-300
246
206
-300
249
-300
229
260
224
-300
-300
242
-300
256
234
-300
218
-300
238
141
235
230
223
192
225
-300
284
266
228
-300
211
-300
236
-300
211
226
238
251
249
236
241
223
-300
220
210
227
-300
-68
-300
181
195
-300
-300
-300
-300
-300
-300
253
270
218
-300
151
224
240
222
-300
246
-14
246
226
170
-300
-300
188
267
233
-300
224
221
220
202
-71
-300
200
236
191
261
218
250
211
-300
-300
221
221
199
-300
-300
-300
196
240
-300
224
-300
237
-300
233
263
166
-300
-300
-300
-300
-300
-300
232
-300
-300
223
-300
233
260
204
262
270
245
-300
-300
-300
192
191
-300
246
-300
-300
242
231
217
225
177
-300
214
-300
242
-300
221
-300
203
-300
203
200
207
238
-300
-300
240
-300
264
241
-300
-300
-300
212
243
-300
-300
-300
-300
230
234
262
242
-300
-82
-300
-300
212
-300
274
-300
-300
-300
261
-300
-300
201
225
244
236
-300
-300
207
214
-300
-300
-300
242
177
239
231
-300
-300
234
-300
215
-300
187
-300
-300
273
241
210
-300
-300
196
-300
248
-69
251
233
-300
242
-300
197
-300
-300
-300
73
-300
-300
224
214
264
234
249
-300
253
-300
-300
236
207
213
229
-300
260
211
209
223
179
121
-300
-300
201
-300
-300
-300
228
91
153
-300
-300
224
-300
-300
205
232
227
-300
231
-300
227
198
197
224
229
-300
-300
223
-300
231
-300
246
-300
-300
193
234
221
269
205
246
219
207
223
277
-300
234
49
220
-104
277
190
-300
-300
-300
200
-300
-300
227
235
-300
240
-300
206
262
236
254
-300
54
-300
-300
-300
-300
224
-300
160
229
229
-300
260
-300
164
-300
196
254
253
-300
-300
-300
-300
208
-300
221
244
-300
233
222
224
191
-300
208
237
-300
-300
188
-300
219
214
-300
-300
231
-300
-300
225
235
-300
221
225
-300
223
255
230
225
250
232
152
-300
233
211
218
232
230
-300
250
238
-300
-300
240
168
-83
-300
-300
231
-300
-300
217
197
257
233
257
235
249
218
221
-300
-300
215
-300
-300
-53
-300
-300
231
-300
239
-300
-300
245
222
-300
-74
246
232
244
216
216
-89
228
251
-300
-300
226
-300
-300
233
230
-300
213
-300
223
189
243
-300
207
231
227
-300
-78
245
244
-300
-300
269
237
-300
231
227
235
-300
-300
199
214
-300
227
185
241
256
-77
236
248
-300
-300
-300
219
-300
277
-300
256
244
-300
-72
-300
-300
217
-300
257
248
261
284
229
215
232
-300
-300
-300
-300
-300
-300
-300
235
-300
274
-300
248
222
-300
-300
-300
-300
220
238
234
229
250
-300
221
-300
187
-300
-300
214
245
244
240
213
-300
228
245
-300
255
219
137
256
236
263
235
244
-300
272
199
235
-300
-300
-300
-300
-300
-300
215
220
-300
237
-65
216
-300
217
218
224
229
-300
-300
231
-300
209
199
233
224
213
222
267
244
242
192
270
230
-300
194
-300
-300
241
-300
217
-300
-300
-300
233
-300
-300
244
187
221
-300
219
-300
-300
258
230
162
-27
225
221
239
257
255
225
-300
200
-300
214
-300
193
230
184
-300
238
-300
-300
184
204
234
229
237
226
-300
229
-300
196
214
213
206
218
-300
-300
-300
266
219
233
-78
254
190
254
220
230
232
238
252
221
-300
217
222
250
212
-300
236
241
214
255
-43
-300
142
-300
229
235
222
-300
271
232
265
-300
-300
-300
213
-300
-300
-118
-300
228
-300
251
255
262
226
224
232
189
236
197
-300
-300
202
232
213
245
-300
121
253
252
-300
-300
235
-300
-300
-300
225
-300
-300
-300
233
-300
199
-300
-300
-300
224
-300
223
-300
-300
-300
-300
-300
-300
221
216
237
230
244
-300
-300
238
207
-300
282
-300
214
-300
-300
219
179
220
222
250
-300
-300
-85
217
161
225
-300
-300
-300
259
-300
217
238
-300
246
228
260
45
255
-300
237
223
-300
-300
229
199
145
246
-300
239
230
198
-300
239
-300
-300
-300
217
234
230
243
-300
218
223
-300
191
-300
-300
234
247
-300
198
232
235
-300
-300
-300
-300
-300
-300
-300
259
223
-300
227
218
-300
231
-300
257
238
233
256
210
-300
222
-300
204
231
-300
240
-300
-300
262
-300
252
-300
-300
224
-300
227
-300
-300
221
-300
238
249
-300
-300
203
240
-300
237
249
161
226
222
250
-300
-300
-300
-300
242
212
194
-300
237
225
250
215
240
235
-300
230
245
-300
225
-300
-300
-108
249
-300
189
212
222
234
-300
-300
-300
232
-300
246
211
211
260
-300
206
213
157
-300
-300
-300
-300
-300
222
185
-300
-300
-300
-300
-300
203
-300
-199
262
230
249
237
221
233
192
-300
-300
204
-300
-300
245
218
268
-300
-300
216
209
238
225
267
-300
238
208
162
-300
211
-300
-300
-300
225
-300
212
294
135
242
-300
253
200
-143
219
206
224
220
-300
239
258
280
241
245
246
79
205
243
-300
-300
-300
-300
223
-300
152
247
-300
239
-300
-300
262
-300
-300
-300
230
245
-265
238
-101
-300
-300
231
-300
207
212
222
-300
-300
-300
-300
-300
224
-300
204
246
224
-300
213
176
142
231
226
267
216
-300
-300
236
-300
245
-300
-300
221
-300
-300
-300
223
213
218
-300
-300
254
236
-300
-300
216
-82
-300
-300
237
210
268
214
241
-137
231
-300
-300
-300
-300
196
185
224
235
-300
-300
189
241
-300
-300
245
-300
-300
217
-300
246
-300
235
268
-300
-300
-300
-300
249
259
234
-300
248
-300
260
243
-300
-300
-143
222
-300
-300
239
-86
-300
-300
-300
235
240
-300
204
-300
245
228
223
-300
221
-300
-300
222
261
236
227
212
139
243
235
-300
-300
212
199
207
224
131
232
217
-300
-300
-300
-300
257
209
-300
231
190
243
224
-300
-300
255
200
-300
182
220
229
248
-300
220
228
-300
237
237
-300
-300
193
-300
229
-300
-300
203
-300
-300
-300
219
-300
107
-300
-300
209
-300
-300
214
-300
191
-300
-300
-74
195
-300
227
214
224
260
-300
-300
179
222
-300
245
253
175
218
-300
247
-300
236
-300
224
200
241
265
246
257
243
222
-300
215
234
110
-300
223
-300
-300
230
-300
-300
231
-300
-300
-300
-300
244
243
-300
-300
-300
-300
-300
130
240
220
209
213
232
242
250
262
219
-53
251
-300
229
219
238
-300
254
-300
-300
201
-300
255
233
247
-300
232
252
-300
-86
239
-300
-300
-300
-300
231
155
185
-300
-300
183
-300
235
238
269
242
-300
196
195
218
-300
233
186
-300
208
-300
246
-300
204
-300
-300
-300
223
-300
243
-300
-300
-300
246
229
258
-300
23
229
-300
276
224
233
203
252
229
246
-300
-300
237
288
232
-300
-300
-300
231
-300
195
-300
-300
231
210
-300
-300
-300
232
206
-300
249
233
-300
242
226
-300
-300
254
201
220
-300
-300
-300
240
184
215
-300
-300
237
232
244
-300
-300
-300
-300
231
240
-300
205
199
213
234
250
240
190
242
-300
188
240
239
224
226
-300
231
-300
239
-300
241
238
-300
211
228
-300
227
-300
229
179
-300
231
-300
238
-300
239
237
243
-300
229
-300
256
240
-300
-300
-300
260
-300
194
-300
235
219
-300
229
-300
-89
-300
175
213
225
234
-300
237
-300
223
228
236
232
-300
-300
213
257
219
-66
-300
210
-300
-300
-300
-300
-300
-300
233
236
-300
224
-300
244
-300
-300
-300
-300
-300
-52
-300
173
222
198
216
-300
234
238
-300
-300
260
230
-300
-300
291
-300
-300
226
239
-300
229
-300
-300
216
-300
230
-300
219
-300
-300
241
179
254
221
-300
247
-300
238
-300
214
-300
246
233
-300
-300
244
-300
224
-300
233
-300
224
200
247
-300
276
249
-164
247
-300
160
-300
-300
-300
-300
213
241
-300
234
234
220
252
-216
-135
212
236
255
225
-300
211
-300
-300
221
249
236
-300
-300
-300
250
-300
-300
233
251
257
-300
-300
-300
249
-300
194
218
-300
230
234
-300
229
-300
231
251
258
-300
-300
209
215
252
-78
217
237
-300
-300
-300
-300
227
237
-300
237
-300
199
247
233
210
228
-59
-300
-300
-76
209
-300
-300
-300
-300
-300
284
218
-300
258
-300
223
249
238
-300
238
-300
192
260
235
-300
-300
248
231
-300
238
-300
221
199
240
-300
234
-300
222
234
232
-300
-300
-300
249
-300
211
203
215
204
255
-300
232
195
222
235
261
232
-300
155
233
210
-300
-300
232
223
-300
-300
-300
230
-300
-81
-300
237
193
231
275
254
-43
225
236
228
-300
-300
219
-300
221
222
207
-300
201
-300
-300
223
-300
238
-300
252
-300
215
-300
-300
237
-300
193
183
-74
-300
229
-300
-300
249
242
-300
247
-300
234
-300
-300
-300
-300
-300
-300
-300
-300
226
-300
242
163
239
-300
158
150
263
234
-300
-300
-300
-300
-300
-300
203
263
239
-300
266
-300
-300
235
220
211
-300
-63
266
257
237
263
-300
-300
-300
-300
-300
210
244
245
243
-300
216
218
201
-300
119
235
-86
-300
202
-300
209
-300
-300
-300
210
175
235
-300
122
229
-300
227
-300
228
197
232
-300
-300
-300
270
-103
-300
235
-300
250
-300
-300
92
204
232
225
240
229
-300
-300
166
-300
-300
220
263
208
230
146
231
-300
238
224
-300
271
-300
-300
221
-300
-300
232
228
229
-300
250
244
-300
-300
233
219
-300
285
274
245
-300
219
227
-300
-300
255
-300
-300
-300
180
264
223
227
-300
215
-300
230
225
220
-300
266
223
-300
-300
-300
241
257
-300
-300
249
222
-300
225
202
227
242
-300
202
-300
235
-300
-235
-300
212
225
217
-300
-300
-300
-52
-300
-300
242
-300
-300
213
-300
-64
-300
234
186
-300
-300
226
230
75
-300
-300
197
-300
253
218
-300
172
254
-300
-300
-300
240
241
245
203
-300
-300
-300
243
216
213
-98
-300
225
-300
-300
225
256
-300
205
218
-300
245
-300
-300
230
251
222
-86
226
217
229
-300
-300
-300
243
240
208
205
-300
-300
201
262
236
231
262
-300
-300
228
245
255
-300
213
255
233
-300
253
-300
244
220
-300
-300
284
-300
-300
200
-300
240
-300
-300
208
234
255
242
191
-300
222
262
-300
-300
221
-300
120
-300
251
138
223
-300
-300
204
269
229
211
-300
178
229
251
-300
233
-300
-300
-300
-300
165
-300
219
218
252
229
237
256
-300
255
-300
-300
204
233
-300
-300
261
185
204
-300
226
-300
-300
221
-300
-300
-300
198
248
239
225
-300
-300
-300
248
-300
248
242
-300
-300
-300
-300
106
222
223
-300
-300
239
224
-300
189
212
-300
222
213
217
-300
201
221
-300
-300
-300
-240
233
199
-300
-300
205
-300
213
222
74
-300
252
206
-23
224
-300
227
225
-300
-300
218
-300
-300
208
-300
245
-76
241
222
234
-300
-300
221
214
181
-300
242
211
-300
236
244
-300
236
-300
235
236
-300
-300
235
249
-300
-300
201
-300
196
231
237
233
226
-69
70
-300
207
256
-74
-300
220
-300
-300
-300
209
248
-300
228
-300
244
257
262
230
-300
245
223
223
169
-300
262
-300
-300
244
237
-300
246
232
242
246
222
219
243
-300
-300
237
-300
220
211
267
-300
-300
239
229
244
227
12
-300
-300
-300
240
212
275
227
-300
223
239
247
-300
249
253
252
-300
167
188
-300
-300
-300
205
240
208
-300
-300
-300
222
237
-36
-300
-300
223
228
221
210
-300
215
-300
-300
-300
-300
202
255
194
-300
221
247
228
-300
-300
-300
186
41
-300
-300
-300
-300
-300
-300
216
-300
-300
-300
-300
-300
-300
205
262
213
185
-300
219
-300
-300
-300
212
207
-300
229
256
136
-300
207
187
227
240
218
-300
-300
-300
-300
247
238
214
213
-300
-300
246
-300
-300
-300
203
-300
249
240
228
-300
-300
-300
193
270
-300
-300
-300
-300
226
157
-300
232
-300
244
216
-300
201
-300
-300
239
-300
-300
239
-300
-300
-300
-300
-300
245
193
-100
-300
-300
-300
-300
196
-300
233
259
-300
232
96
249
233
-300
-300
201
-300
-300
-300
226
-300
223
-76
232
-104
212
-300
-300
227
-300
-300
136
240
222
212
238
-300
259
248
240
258
80
-300
202
217
226
212
255
-300
249
205
-300
227
227
225
-300
222
243
-300
251
269
-300
-300
243
234
-300
205
219
205
271
241
247
-300
219
224
-300
-300
226
253
238
-300
244
-79
219
-99
243
-300
241
189
260
-300
-300
251
-300
231
-300
208
-300
243
214
226
228
249
227
221
-300
173
-300
192
206
-87
168
-300
-300
206
225
273
211
239
228
251
-300
-140
207
238
196
177
-300
-300
-300
-300
205
233
228
-300
-300
229
238
-300
238
225
-300
-300
218
-300
256
224
255
221
199
278
219
-300
-300
-300
217
-300
210
228
212
264
248
229
-300
-78
236
-300
-300
242
-300
-300
-300
236
243
280
206
202
-300
194
228
-300
261
152
-300
211
-106
-300
-300
-300
93
251
264
-300
-300
146
-300
-300
-90
225
221
262
236
-300
-300
-300
207
-300
201
-300
-300
129
-300
-300
216
-300
-300
250
-300
-300
236
248
218
-300
250
218
-300
-300
249
241
238
-300
-300
68
225
23
-78
-300
212
-300
251
238
284
205
154
-300
176
-300
243
254
-300
-300
199
236
221
-68
249
248
-300
-300
-300
233
132
-300
227
-300
251
211
-300
226
-300
232
-300
219
-300
173
-300
-300
-300
220
204
-300
-300
200
237
268
-300
-300
-300
232
214
-300
182
-300
-300
204
-300
-300
215
-300
256
-300
-300
-300
216
220
-300
245
225
218
229
236
255
214
-300
249
-300
217
254
224
208
256
230
-300
102
-300
-300
257
230
276
208
-300
-300
209
-300
250
-300
209
219
217
-300
-300
92
243
-300
-300
215
251
228
-300
212
-300
241
-162
-117
-35
-300
259
-300
201
-300
-300
-300
208
193
-300
-300
252
-300
242
234
202
-300
227
-300
258
204
182
212
246
-300
214
266
-300
-300
-300
215
207
-300
222
214
235
-300
-300
221
218
-300
27
-300
233
-300
-300
199
-300
242
218
-300
237
227
229
234
212
-300
-300
217
203
-300
261
210
-300
223
228
255
-300
205
-300
217
14
-300
96
-300
-300
-137
-300
228
229
204
-300
255
216
227
-300
249
-300
241
-300
277
-300
227
272
197
246
209
-300
235
222
237
272
-300
229
-300
249
244
224
227
245
200
-300
-300
-300
220
249
140
240
-300
-300
232
-300
-300
212
-300
-300
179
198
237
-300
215
226
-300
251
-300
-300
58
-300
210
-300
248
-300
-300
230
179
-300
-69
-300
239
-300
224
-300
-101
-300
252
-99
251
221
-300
260
182
270
240
219
160
236
-300
-300
-300
230
-300
-300
-300
-300
244
231
-300
250
172
-300
-300
107
250
222
-300
-300
197
194
-300
242
-300
-300
231
-300
209
230
-300
-300
226
-300
-64
229
-300
211
238
-300
217
-300
228
-300
240
244
-300
250
-300
-110
-300
255
198
237
-300
224
-300
-300
224
225
-300
232
-300
264
172
-300
225
273
208
-300
-300
242
-300
240
247
-300
249
225
230
-300
-300
-300
-300
-256
249
243
227
-300
224
-300
-88
181
-300
-300
230
-300
248
-300
105
228
-300
159
276
-300
-300
242
-300
218
-300
220
-300
-300
243
-300
-300
269
218
188
253
225
-300
224
220
225
-105
-99
225
240
226
157
-300
219
184
233
227
221
251
255
-300
213
259
-300
269
-300
77
-300
-300
275
-300
-300
-300
-300
-300
154
212
-300
232
218
-300
-300
-300
199
240
246
252
210
213
244
243
-300
-91
227
-300
210
-300
201
-300
223
208
-300
228
-300
227
212
236
-300
-90
14
249
-300
223
235
228
-300
-300
197
220
253
-300
200
-300
-300
215
229
254
-300
-300
-300
215
-300
89
212
231
-300
222
-300
-64
235
218
238
-300
232
226
233
-300
233
197
-300
237
221
-300
244
159
-300
261
-300
237
-300
200
-300
220
-300
244
219
-300
240
196
249
179
251
182
215
185
-19
-300
-71
-300
-300
276
-300
238
190
212
252
206
-300
239
-300
229
-300
-300
218
-87
-300
-300
209
-300
224
-300
-300
213
224
-300
-300
219
248
239
-300
219
209
-300
237
-300
210
233
233
215
221
233
212
224
218
-300
211
-300
-55
-300
-300
208
-300
-300
-300
-300
216
267
-300
-300
-300
240
235
244
214
220
-300
-300
220
259
-300
226
-300
229
225
-300
252
-300
242
-300
257
247
270
-300
241
234
-300
175
-92
-300
-300
218
-81
220
224
235
225
-300
191
229
-300
-300
232
260
210
234
230
-300
232
232
250
-300
248
219
-300
199
203
-300
-300
204
214
179
-92
238
186
236
210
235
221
222
230
251
230
213
166
201
-300
232
-300
-300
247
-300
-300
-300
235
-300
145
-300
214
-300
245
228
134
-300
-300
206
242
-300
222
219
-300
247
-300
192
-300
-300
233
269
-300
-300
-300
-300
-300
227
223
-300
-300
249
139
249
256
247
216
-300
-300
227
256
-300
-300
225
237
-300
-300
-95
-300
-300
231
218
-300
227
-300
215
-300
204
-300
235
219
-300
-300
161
-300
-300
223
220
207
-300
-300
-300
-300
220
196
237
-300
207
-300
206
208
240
288
-300
231
-300
-48
240
215
-300
193
229
204
-300
262
209
226
245
277
217
202
216
-300
-300
239
148
230
-300
227
219
-300
-300
196
226
181
-300
-300
249
219
250
-300
-300
230
224
206
-300
246
-300
193
225
211
-300
-300
-300
-300
226
-300
242
247
244
146
202
-300
-300
232
-300
-300
-300
-300
244
-300
245
-300
-89
-300
270
235
245
231
223
239
211
264
246
-53
-300
-300
239
-300
28
252
-300
219
-300
-300
-300
269
200
-300
276
200
278
243
169
211
228
222
-300
257
227
-300
235
-300
-300
-300
265
239
-300
265
-300
-300
-300
-300
237
-300
-300
-300
-300
-300
-300
-300
-300
218
265
-300
-300
236
194
-300
201
-300
-300
-300
220
-300
246
219
-300
204
-300
232
199
-300
-300
-300
255
244
-300
-300
200
234
-300
-300
-300
-300
-46
236
-300
272
242
-300
239
239
243
208
237
190
217
-300
-300
-300
245
227
272
202
238
255
235
218
224
219
247
270
254
-300
-300
221
247
-300
-117
246
-47
-300
-300
-300
236
-300
209
265
37
-300
201
214
-300
229
235
-300
205
-300
-300
245
224
215
236
125
202
203
-300
260
220
204
247
230
-300
254
191
192
215
165
201
-300
234
226
-300
-300
187
-300
-300
246
238
-300
215
255
218
228
-300
277
215
218
237
241
-300
219
216
217
-300
250
257
243
218
-81
-300
130
167
235
-300
229
247
-300
223
-300
232
248
161
-300
-300
237
225
236
-300
236
-300
204
195
240
216
240
174
227
188
233
234
-300
-300
229
-300
-300
-300
-300
147
227
-300
272
-300
215
223
215
236
-300
206
234
-300
264
211
-300
-300
220
219
-300
230
-300
238
-300
209
262
271
228
-300
231
244
-300
240
249
-221
199
235
-300
249
-300
232
-300
250
252
-300
276
191
212
-300
241
255
-300
-300
211
-300
-300
-102
-300
-300
215
175
227
256
240
222
-300
217
-300
-300
-300
-300
226
-300
-300
-300
212
225
239
-300
-300
258
-300
188
176
-300
-300
279
-300
241
227
-300
227
-300
234
-300
204
214
-300
253
-300
215
-77
237
220
264
219
230
-300
258
224
-300
210
244
218
223
228
-99
244
197
246
-300
215
-300
-300
217
216
230
-300
-300
-300
227
-300
-300
237
215
244
230
-300
229
-74
-300
236
241
-145
186
194
233
217
232
214
-300
233
-300
191
-300
244
233
-300
220
232
-300
-300
204
207
-300
216
242
239
223
234
234
253
225
250
-300
253
213
231
-300
-300
201
197
233
-300
225
-300
-300
228
-300
215
236
227
251
216
228
225
-300
232
261
251
178
-300
195
259
246
-300
-300
224
213
240
218
-300
-300
-300
81
247
227
207
258
250
236
218
254
218
243
-300
216
233
195
248
218
224
246
-300
-300
198
-300
201
217
242
253
238
230
-300
-300
223
200
-300
232
243
241
222
231
188
273
-300
-300
210
-300
215
256
-300
-300
-300
-74
-300
-300
239
266
244
217
252
-300
-300
229
284
-300
-300
-300
239
248
234
255
-300
-300
213
248
-300
170
-300
226
232
-300
191
-300
243
-300
-300
-300
199
283
-300
237
283
257
234
244
-300
253
253
237
-300
-300
-300
-300
249
-300
246
233
225
209
-300
239
192
-300
-300
223
237
-300
223
214
226
242
-300
-300
128
251
-300
-300
251
232
245
232
-300
-300
-300
-300
-300
-300
194
222
248
-300
235
236
172
217
-300
230
-300
-300
205
230
-300
-300
-300
237
-300
237
-300
-88
-300
207
248
-300
-300
226
-300
-300
228
219
-300
240
222
-300
231
214
198
282
221
-300
241
213
139
191
-300
227
-130
-300
213
-118
-300
235
194
248
-300
-300
-300
246
170
201
238
221
251
223
140
-300
-300
253
-300
229
-300
-300
-300
229
-300
-300
-97
-300
232
-300
279
-300
230
237
-300
220
141
260
-300
-300
270
255
226
275
150
238
-12
222
233
249
-300
213
208
205
236
241
221
241
-300
207
196
-300
236
224
195
-300
249
-300
-300
-300
-300
-300
-300
-300
222
-300
241
288
250
227
-300
246
-300
217
109
253
-300
-300
228
221
218
239
-300
210
205
242
256
-300
-62
-300
-300
169
237
219
211
254
-300
-300
181
209
204
204
-300
-300
-300
-300
203
174
-300
247
159
238
222
251
-300
238
-300
-300
237
-300
219
232
275
216
245
-300
237
203
-300
-300
253
238
206
240
219
-300
-300
-300
238
224
-300
247
56
-300
191
200
-300
237
-300
-300
158
229
190
-300
244
-300
207
-300
219
220
-300
223
-79
232
-300
272
-300
225
-300
222
-300
-300
-300
268
-300
210
-300
259
-300
190
-300
-300
183
219
236
217
-300
205
-300
223
250
-300
252
234
223
251
222
-300
-300
229
222
197
218
252
-300
229
208
-300
179
204
-300
232
240
224
-300
-300
192
-300
-300
224
-300
233
227
-300
-300
237
250
-300
-300
-300
223
-300
232
230
229
209
-300
224
236
-300
249
266
240
-300
235
221
241
241
-300
233
96
253
-300
-300
-300
227
227
238
-300
-300
-300
-300
-300
-300
-300
-300
-300
235
-300
247
215
233
265
-300
-300
180
255
230
169
215
290
244
-300
206
270
-89
-300
229
215
199
-300
-300
-300
-300
-300
-300
200
-300
-300
-300
-112
-300
-300
-300
214
248
260
-300
-300
-300
185
204
-300
272
-300
237
-300
-300
209
-300
244
196
-300
-300
229
-300
228
226
226
-300
-300
-300
-300
221
235
223
221
196
-300
166
-300
-300
204
240
-300
-300
251
-47
189
226
203
193
243
268
-300
249
-300
-300
216
203
244
-300
209
226
-300
-300
-300
200
-300
238
-300
233
-300
274
264
232
235
-300
202
262
217
-300
-300
230
-300
-300
-300
210
241
-56
239
261
265
230
193
240
219
-300
-300
250
203
224
-72
264
-300
210
205
237
-300
-300
-300
-300
-300
-300
-300
-300
-300
239
-300
236
-300
-109
-300
-300
-300
151
251
199
192
272
248
221
-300
229
-300
209
230
-300
215
244
211
-300
-300
-300
223
238
-300
-300
213
253
-300
-300
231
250
234
-300
-300
-300
-300
225
-300
260
209
222
-300
190
227
215
196
224
-300
-300
226
-300
-300
-300
-75
-300
257
-300
200
-300
-300
206
-300
-300
-300
279
231
245
238
157
-300
236
192
-300
214
200
-300
237
224
230
-300
200
-300
231
233
-300
-300
-300
247
221
-300
211
-300
-300
272
-300
-300
-300
-300
-300
-300
233
212
-300
-300
-300
252
-300
176
-300
231
-300
-300
-300
-300
-300
252
241
-300
-300
221
237
281
-300
162
233
-300
231
-300
207
231
-300
-300
-300
-300
-300
242
229
238
220
-300
205
220
207
-91
-300
230
-300
248
226
238
212
233
242
203
-300
230
231
238
-66
223
190
-300
203
-300
257
233
252
241
-300
240
255
227
-300
-300
272
213
-300
-300
210
-300
271
198
-300
-300
242
-300
-300
-300
281
217
-300
243
253
-300
-300
143
-300
227
-82
228
220
-300
204
-300
230
-300
-300
-300
219
-300
207
-300
209
268
252
-300
92
-300
256
-300
198
-300
227
216
233
-300
225
222
261
207
220
188
228
243
-300
209
248
-300
222
219
-300
246
258
-102
-300
-300
-300
-300
-300
240
-300
197
-300
184
-300
-300
-300
200
176
226
224
237
246
-300
218
221
216
180
232
-300
226
211
-300
-300
225
-92
254
-300
-300
245
-300
-300
-300
232
-300
-300
-89
-300
-300
-300
214
-300
-300
-300
206
194
244
229
-300
176
181
228
-300
-300
225
239
210
231
233
-300
-300
239
-300
-300
222
236
207
205
229
262
217
199
153
-300
230
-300
237
223
-300
-300
-300
-300
203
163
-300
238
233
266
-300
225
-300
204
229
-300
258
222
212
217
-300
-300
-300
225
243
195
221
244
-300
228
195
-300
46
-300
204
210
-300
-300
-300
229
227
-300
215
-300
215
-300
234
243
237
-300
217
258
-300
284
-300
236
-300
282
-300
-81
261
-300
-300
-300
268
194
223
195
-300
207
231
226
247
-300
-300
-300
205
-300
-300
227
-300
231
237
206
-300
-300
-192
-300
202
-300
261
259
232
253
218
212
-300
228
233
-300
-300
233
218
208
-300
220
-300
132
53
-300
229
217
218
270
253
234
-300
-300
-300
232
220
212
-300
-300
225
220
225
-300
-300
218
228
-300
-300
214
-300
232
-300
209
-300
197
-300
-300
-300
242
197
-300
-300
-300
-300
-300
214
-300
-300
-300
240
258
257
225
-300
-300
237
263
220
235
-300
-300
-300
-300
-300
249
-300
-300
-300
-300
200
-300
242
243
-300
223
-300
227
-300
-300
-300
-61
-300
186
213
261
234
-300
217
221
-300
-300
-300
-300
-300
232
231
223
236
-300
252
-300
-300
192
224
280
-300
-300
263
-300
-300
-300
235
-300
-300
-300
287
232
-300
-300
183
207
-300
-300
246
168
186
215
-300
226
268
249
-300
252
215
-300
288
-300
229
-300
214
204
246
213
217
278
218
214
-300
217
-300
-300
247
-300
211
266
216
247
219
199
215
245
267
236
-300
-300
221
225
-300
210
264
-300
-300
229
-300
235
214
-300
190
208
258
269
-300
-300
232
-300
240
230
-300
239
236
-300
229
204
-300
-300
-300
-300
217
-300
-300
230
273
-300
-300
258
-300
-300
218
-300
208
-300
224
241
224
229
242
225
-300
219
-300
226
258
225
-300
-300
231
-300
-300
207
-300
-300
211
232
222
229
-300
-300
237
-300
-300
-300
-300
235
-300
217
-49
197
-300
226
200
208
-300
-300
-300
254
255
234
248
244
201
-300
-300
230
226
256
229
217
-300
-300
201
197
209
-300
228
203
225
-300
-300
202
-300
-84
246
259
247
18
-300
227
201
-300
238
241
231
235
214
-300
-300
246
-300
-300
75
-300
227
-300
195
217
196
-300
214
237
-300
253
220
-300
246
226
208
220
248
226
224
228
-300
-300
278
233
-300
-300
-300
-300
256
-300
-300
16
227
-300
-300
-300
-300
-300
-300
-300
201
227
-300
246
-300
-300
-300
-300
-300
193
-300
-300
211
-300
-300
-300
168
-150
-300
219
223
219
-300
135
-300
218
218
209
-300
-300
227
216
219
233
225
233
-300
-300
-300
246
-300
-300
263
198
-300
227
-300
257
254
-300
-300
231
260
228
233
-300
-300
237
258
218
218
245
232
223
235
220
-300
-300
216
247
-300
247
195
-300
-300
241
-300
-300
200
-300
-300
172
-300
227
-300
-300
207
281
-300
155
245
-300
-300
-103
224
-300
-300
143
-300
213
-300
-300
188
-300
236
-300
-300
-300
-300
-76
236
219
237
-300
-300
230
-300
227
222
104
245
-300
225
-300
213
262
215
-113
253
-300
-300
222
-300
201
238
233
-300
279
-300
217
251
240
-300
242
-300
217
229
-300
-300
-300
223
241
221
205
-300
-300
-300
227
-300
210
251
214
234
-300
208
-300
239
230
187
233
-300
231
191
126
201
-300
241
226
209
-63
227
-300
226
243
-300
245
240
-300
-81
-300
236
-300
230
229
-47
210
-300
-300
-300
-300
245
208
-300
218
248
227
-300
-300
234
-72
-300
240
-300
-300
225
109
233
-300
269
231
-300
255
206
255
217
251
227
-300
133
228
234
-300
240
-300
45
234
-300
202
245
-300
222
-300
234
-300
211
264
215
-300
-300
243
-300
-300
232
249
-300
-300
244
-300
-300
231
-66
-300
261
230
220
247
255
255
18
-300
249
-300
-300
-112
-300
172
139
-300
-300
271
202
234
-300
-300
-82
236
242
234
187
240
242
203
220
249
216
226
-300
226
-71
204
244
223
-300
-300
236
229
-300
224
-300
236
-300
-300
228
216
248
-300
-300
-300
236
189
193
-300
-300
-300
232
258
234
-300
-300
233
-300
224
229
237
-300
232
206
268
-300
-300
236
201
-300
210
182
203
-300
-300
-300
-300
246
220
-300
276
-300
225
-300
210
-300
253
259
259
230
258
228
-300
242
-300
216
250
262
248
279
247
215
-300
221
-300
196
-300
-300
208
221
181
221
-300
212
-80
-300
236
254
220
215
211
232
-300
-300
-300
-300
107
-300
-300
248
-300
-300
267
192
-300
-300
-89
213
-300
-300
256
-300
-300
238
209
-300
236
228
223
-300
-300
220
216
148
-300
237
207
246
235
222
-300
-300
227
257
-300
281
-300
-300
242
207
-300
265
-300
250
270
-99
-300
-300
-300
-300
240
-300
228
232
-300
230
-300
214
-300
220
206
-300
-300
-300
225
247
-300
262
-300
214
-300
236
199
-300
-300
247
236
-300
-300
-300
189
-300
218
-300
-300
229
-300
-300
238
224
205
213
212
-300
-300
194
-300
-300
216
224
217
256
208
238
252
254
-300
202
-300
219
-85
-300
-300
223
199
-300
222
-300
-300
-300
213
-300
230
-300
236
231
232
264
250
180
-300
-300
-300
-300
225
214
210
259
-300
160
236
-300
234
239
235
205
242
-300
-300
217
-300
229
-300
-300
258
242
258
251
229
196
-300
-300
222
-300
-300
150
203
240
241
-300
168
-300
248
248
233
165
-300
-300
132
212
252
-300
-300
237
-38
-300
-300
183
-300
-90
229
-300
-300
214
-300
-300
-300
-300
268
203
266
226
-300
-300
204
206
-300
-300
225
209
216
199
-300
221
227
210
254
-300
-145
-300
196
-300
-300
257
216
-300
-300
238
-300
220
-300
-300
222
-300
-300
-300
216
245
235
262
-300
223
220
232
-300
230
250
-300
-300
232
214
-300
182
244
194
136
-300
-300
253
167
-300
227
218
155
212
225
-300
248
258
-300
233
-300
-300
-300
-300
-300
242
231
-300
-300
-300
-300
209
-300
-300
-300
-300
197
242
-300
250
244
278
244
236
221
218
264
-300
-300
202
-300
259
249
243
223
-300
239
240
233
-300
230
172
250
-300
-300
247
236
216
221
-300
-300
230
236
217
-300
-300
231
225
-106
198
-300
-300
263
-300
-300
215
209
-300
-300
230
244
98
245
-300
-300
-300
203
221
204
-300
-300
217
209
259
-300
-300
216
-300
-300
-300
237
231
211
177
246
-300
213
224
262
203
229
-300
249
224
250
263
235
-300
-300
227
227
-300
-300
-300
-300
236
-300
223
204
-300
-300
-300
-300
-300
-300
-300
214
-300
225
-300
-300
254
218
263
200
-300
236
199
209
230
-300
206
231
227
254
225
242
170
-68
-300
229
249
208
223
253
237
223
190
-300
-300
140
-300
-300
-300
-300
-300
203
244
227
-300
220
212
209
215
-300
-300
284
-300
-300
251
-300
239
-300
226
250
224
-300
233
-300
235
226
249
-300
232
203
-300
207
-300
-300
-300
-300
238
248
132
227
277
229
169
-300
-300
-300
241
216
240
223
230
196
-300
-300
244
-300
236
-300
215
220
207
263
-300
-300
-47
-300
211
-300
269
259
216
227
-300
248
228
274
-300
222
233
-300
229
241
-300
-300
185
-300
238
279
-300
219
271
236
-300
194
220
-300
-300
252
-300
196
228
-300
236
-300
-300
-300
240
-300
221
-300
256
242
249
234
223
252
-300
223
-300
191
221
-300
-300
-300
214
-300
-300
240
-300
220
-300
254
-300
-300
193
225
232
246
222
240
-300
-300
230
277
216
221
220
-300
235
206
-300
278
213
186
173
58
177
248
133
-51
-110
-300
-300
230
220
162
244
-300
-300
238
238
232
221
237
-300
260
-300
103
-300
225
230
-300
-300
232
227
-300
211
155
-300
240
253
-300
-300
-300
221
-300
-300
-300
-300
-300
-300
219
209
241
239
219
-300
222
233
249
-300
228
254
-300
225
-300
-300
216
-300
220
-300
-95
224
-300
-300
252
230
-300
230
243
-300
139
-300
-153
-300
219
100
-300
196
213
211
231
276
-300
247
-66
-300
-300
-300
-300
210
227
222
240
-300
207
229
-300
-300
201
210
259
-300
208
241
237
228
-300
215
217
-300
-300
-95
264
235
237
-300
218
-300
-300
236
-300
-300
236
-300
260
259
-300
264
230
-300
221
-300
149
234
222
-300
-300
174
241
244
237
-300
-300
231
227
236
227
-300
217
-300
-300
240
226
-300
213
-32
253
211
-300
-300
216
-300
225
-300
-300
-300
-300
227
213
239
-300
146
235
248
-33
219
225
262
245
-300
249
227
198
-300
208
225
-300
230
235
-300
-300
225
250
-300
-300
-300
225
-300
-300
235
225
228
-300
212
230
151
236
254
-300
226
209
-300
-300
194
252
264
228
233
-300
-300
218
204
223
239
215
216
-300
-300
280
-300
221
-300
-300
-300
186
218
-300
-300
-300
256
201
-85
-300
218
223
-300
219
-300
-300
143
230
-300
-300
-300
278
-300
184
201
203
241
199
200
-300
196
-300
-300
-300
-300
-300
-300
111
-300
250
-300
-300
208
227
-300
-300
-139
-300
249
209
-300
219
258
239
-84
-300
228
225
250
275
-300
260
243
-300
217
209
246
236
220
221
253
241
264
227
234
204
246
-300
250
240
203
230
231
200
239
-300
-300
-300
-300
230
211
218
-300
233
224
209
-300
214
-300
268
215
-300
191
261
-300
286
228
230
-300
-300
-300
-300
231
262
-300
-300
-300
240
-300
205
251
-300
-300
-300
225
-300
221
230
235
231
-300
231
230
206
-300
-300
-300
245
86
268
225
-300
-300
233
-300
221
174
264
249
206
209
268
-300
194
-295
247
238
240
232
-300
229
-300
246
211
-300
226
-234
233
-300
211
-300
-300
235
-87
268
207
-114
197
-300
220
-300
237
70
242
251
-300
-300
-300
-300
154
242
-300
-300
204
267
177
192
207
244
-300
219
-300
213
-300
-300
-300
228
191
210
-300
201
-300
17
-300
-300
-300
213
282
-300
215
-300
253
228
231
208
249
212
251
-300
-300
-300
213
-300
185
-300
-300
238
242
-300
-300
-300
222
254
257
-300
-300
237
-300
210
240
-300
-300
-300
226
-300
-300
-300
-300
240
234
264
231
-300
-300
224
-300
-300
-300
-300
-300
-300
251
-300
232
226
226
223
197
273
239
216
-300
-300
-300
-300
230
-300
-300
-300
203
-300
-300
202
-300
251
-300
238
-300
243
213
232
214
224
204
-300
-300
-300
280
203
236
-300
-300
245
-300
160
213
-300
183
-300
225
-300
228
261
-300
244
220
-300
-300
184
-300
-300
-300
232
219
-300
-300
-300
215
227
234
-300
212
-300
-300
203
175
-300
223
210
190
-300
-300
-300
221
259
229
261
268
206
-300
223
168
-300
252
-300
242
275
262
-300
-300
220
245
-300
178
-300
214
197
-300
227
-300
257
248
148
195
-300
220
212
223
239
229
254
182
-300
-300
-300
236
235
240
234
249
249
-300
-300
-300
215
227
-300
239
226
247
234
-300
233
265
-300
216
238
-300
214
243
-300
-300
217
202
227
-300
230
236
178
235
-300
-300
238
264
-300
-300
217
196
239
226
-300
275
227
211
207
-300
-300
-130
-300
235
54
-81
-300
-300
224
-300
-300
224
242
252
212
240
-300
-300
-300
203
-300
-300
264
-300
240
246
98
-300
230
-300
295
65
239
-300
-300
243
273
-300
223
-300
259
238
237
241
217
-300
-300
-300
-300
195
234
225
192
-300
208
265
-300
233
242
272
-79
231
164
250
241
242
220
-300
217
235
246
218
-300
-300
-300
252
227
242
-300
128
265
204
211
233
-300
-300
189
230
229
223
223
227
279
230
-82
-300
-300
-300
-300
256
206
241
-300
215
215
234
-300
267
-300
231
225
230
-66
-300
193
116
223
231
-300
204
229
196
-300
-300
244
230
-300
-300
-300
217
232
243
212
221
210
-300
-291
197
246
-300
-300
234
257
214
-300
-300
211
-300
-300
202
-300
216
221
156
-300
218
-300
219
226
-300
206
223
248
-300
-300
-300
236
210
254
-300
219
259
233
-300
-300
-300
-300
270
-300
-300
-300
241
215
-300
-97
-300
-300
206
-300
-300
-300
-300
241
215
224
-300
261
189
-300
198
-300
-300
-300
227
-300
-300
241
-300
217
-300
-300
-300
208
-300
214
-300
226
-300
228
-300
235
234
-300
-300
-300
242
-300
-300
-300
257
233
168
219
213
-300
206
-300
-300
165
206
-300
-300
245
-300
-300
-300
179
-300
213
260
-300
214
232
211
191
215
239
238
229
226
225
217
-300
231
-300
262
276
251
222
-300
235
227
-300
253
-300
-300
-300
243
217
204
-127
-300
231
-300
220
230
243
227
-300
-300
227
229
-300
-300
218
212
-300
191
236
241
220
207
253
188
226
-300
259
218
59
205
213
206
249
-300
-300
-300
197
-300
240
-300
-300
-300
-300
-300
232
230
-300
244
226
219
251
207
-300
-300
-300
243
-300
-300
262
-300
220
240
217
-86
230
-300
249
-300
250
187
216
-300
184
212
-300
193
209
-300
220
-49
211
244
270
-300
-300
235
-300
242
-300
143
-300
221
-300
-300
-110
248
228
245
278
272
252
235
-300
-300
-300
-300
205
-300
228
215
270
-300
-300
-300
-300
227
-300
-300
-300
212
227
-300
173
-300
-300
-300
212
212
-300
-300
-300
-300
127
213
215
202
259
246
-300
256
-300
-300
-54
-300
-300
227
-300
279
249
-300
241
-300
204
198
220
247
-300
238
178
239
227
-300
-300
242
-300
265
-300
-300
-300
242
282
-300
230
250
-75
220
-300
211
214
-300
-300
-300
-300
244
-300
-300
196
199
-300
-300
-300
-300
-300
-300
189
-300
200
-300
271
251
-300
-300
217
268
40
224
261
189
226
231
245
213
236
221
256
235
-300
230
257
-300
-300
231
203
-300
246
222
153
-300
210
250
183
256
211
-76
-300
220
237
266
151
249
217
-300
260
250
232
243
216
203
-300
200
-300
-300
-300
-300
207
256
246
241
255
225
250
-300
224
172
226
-300
-300
209
232
165
-300
-300
236
248
-300
225
-300
214
-300
200
219
236
196
257
257
-300
-300
-300
249
279
-300
-300
245
-300
-300
-300
-300
260
-300
262
227
250
-101
-300
-300
-300
-300
-300
-300
220
-300
-300
-300
-300
-300
238
-300
-300
247
-300
188
169
247
-84
253
227
232
201
237
-300
237
200
-300
200
237
260
224
207
-300
211
211
-300
245
225
-294
265
206
-300
265
-300
-300
260
210
-300
250
-300
244
-300
254
229
-300
228
242
219
233
-300
-300
232
214
213
101
203
211
237
233
225
-300
-300
211
-300
-300
242
-300
224
234
181
-300
-300
229
-300
217
237
223
-300
-72
258
-300
-300
256
242
194
238
-300
-300
-136
-300
-300
268
219
-300
-300
-112
236
-82
249
221
239
-300
152
225
243
-300
212
-300
-300
226
-300
240
-300
-300
226
212
252
201
-300
226
198
-300
-300
246
240
235
212
-300
227
-34
174
226
199
236
-300
-300
-300
208
270
-300
-300
-300
207
205
-42
231
-300
-300
13
-300
249
247
228
228
-300
-300
219
250
246
244
-300
-300
-300
-300
229
247
265
-300
236
238
-300
210
259
255
-300
234
-300
-300
-300
-300
-63
-300
229
249
242
-109
225
236
250
-300
-300
-300
231
-300
276
-300
218
246
-300
178
230
-34
224
227
229
245
229
259
248
222
-300
-300
183
243
-300
-300
246
196
-300
222
-300
204
259
194
231
-237
249
269
-167
238
249
-300
-300
218
226
217
247
207
223
-300
-300
235
-300
223
-300
-300
203
254
-300
-300
227
236
-300
254
227
209
-300
-300
235
229
211
-300
-300
-300
-300
240
-300
-300
252
259
257
-300
218
125
193
-300
233
-300
257
227
246
263
243
-300
225
-300
-300
224
-300
222
-300
196
-300
218
222
-300
-300
-300
-300
-300
-300
-300
-300
239
-300
-98
227
-300
-300
199
195
253
251
214
219
221
230
-300
-300
231
-300
178
234
-300
-95
222
264
-300
-300
-300
-300
-300
263
-300
228
-300
209
-300
230
180
-99
243
-300
-300
245
234
-300
-300
209
-300
-71
247
237
222
-300
230
71
-300
-300
-300
213
207
-300
-300
-300
205
225
-300
249
255
-300
-300
-300
137
-300
-300
254
250
264
-300
-300
-300
220
-300
194
217
231
228
-300
-300
199
-300
243
187
220
-300
253
-300
-300
261
-300
246
213
-300
227
197
238
226
271
222
-300
223
-300
158
-300
-300
207
-300
-300
-300
-300
-300
221
217
-300
-300
-300
-300
257
-300
-300
237
235
252
231
238
244
260
246
-300
223
187
232
-300
237
-300
225
240
-300
204
-300
-300
217
-300
-300
226
-63
291
142
-300
262
221
224
-300
-300
192
223
248
189
-300
181
237
236
223
-300
-300
-300
255
-300
210
224
234
273
-300
229
194
-300
-300
-300
-300
254
-89
-300
-300
-300
223
273
220
-300
236
-300
246
274
116
227
219
248
208
-300
-300
-300
267
-300
-300
234
-300
257
228
-300
217
222
-300
-300
221
-300
-300
-300
105
-300
-300
249
-93
-300
246
237
231
-300
250
224
138
208
-300
233
219
212
-300
239
-300
-300
244
204
178
-300
190
189
-300
228
256
-300
-300
-300
278
238
235
235
-300
235
-300
-300
-300
226
246
-300
-300
-300
-300
231
231
265
243
227
263
-300
-300
264
107
293
228
238
-300
180
226
-300
-83
-300
-300
-300
-300
-300
233
-300
-300
249
-300
282
247
228
-300
225
269
245
-300
230
-300
-300
221
-300
231
246
217
292
-300
138
-300
-300
219
-300
227
227
221
-300
232
237
-300
224
234
-300
188
-300
235
-300
167
-300
203
-300
-300
-300
-300
220
231
269
238
-300
200
236
226
-300
260
171
219
218
-300
-300
-300
202
-300
-300
220
-300
233
-300
241
221
-300
202
252
190
-300
-300
275
-300
210
-300
-300
-300
-300
248
229
-300
-300
215
254
207
240
237
206
-300
-300
-300
256
220
-300
-300
-300
237
171
-300
203
233
217
201
246
242
238
195
-300
233
-300
259
258
241
271
224
-300
-300
265
-300
199
-300
239
257
248
-300
274
236
-300
-300
250
-300
-300
-300
-300
243
-300
-300
233
237
-300
-300
250
-300
238
-300
230
-300
215
-300
-300
249
-300
-300
219
230
236
242
-300
-300
193
-300
-300
203
256
209
219
227
155
218
253
-300
-300
-300
-300
188
231
231
-300
-300
183
-300
-300
-300
228
234
239
250
-300
198
-300
236
-300
-300
232
-300
-300
-300
249
-300
-300
209
-300
227
-300
-300
209
224
243
221
-300
-300
230
177
-300
207
-300
158
-300
206
258
226
209
129
-300
-300
-300
219
-300
236
243
-300
-300
-300
-300
-300
238
238
247
220
-300
172
252
223
202
252
233
234
218
234
221
219
-300
-300
-300
231
-300
214
-300
-300
-300
-300
216
-300
252
241
-300
227
226
245
-300
221
228
235
240
-300
189
203
-300
-300
-300
-300
191
239
233
-300
224
-87
238
-300
215
168
206
229
-300
-300
218
226
263
218
-300
217
-300
237
218
-300
-300
239
-300
247
220
216
-90
142
-300
-300
225
-107
-300
248
240
-300
223
235
224
-300
218
231
233
187
234
227
229
-300
-300
-300
205
246
220
228
-300
220
-300
-300
-300
223
-300
-300
192
245
-300
250
-300
-300
197
-300
-300
191
-300
-300
190
-300
-300
232
227
239
-300
-300
-300
-300
-125
-300
-300
219
-300
-300
-300
-300
-300
-81
-300
221
-300
-300
240
-300
223
214
-300
230
-300
-300
-300
257
200
-300
-300
-300
250
-300
-71
-300
243
227
-300
240
-300
228
214
218
-300
237
207
-300
238
228
225
259
-218
-300
-300
269
222
229
232
236
214
204
262
215
-300
-300
145
236
-300
244
226
233
-300
253
-300
-300
-300
-71
230
-300
-300
251
-300
228
229
-300
-300
255
-300
-300
271
-300
-300
-300
209
228
233
229
228
230
246
-300
186
-300
-300
236
-300
-300
-300
-300
-300
231
-300
-300
-300
-300
208
-300
232
246
238
-300
204
243
231
-300
217
-300
208
264
221
263
-300
264
267
-300
-300
-300
235
-300
246
211
-300
-99
-300
-300
102
-300
145
202
-300
-300
-300
-300
258
-300
-300
258
-300
-300
201
-300
183
-300
138
-300
208
-300
-300
-300
279
245
238
227
-300
220
215
236
-300
217
-300
230
-300
-300
-300
-300
-300
-300
235
-300
-300
248
-300
246
231
242
246
-300
-300
-12
225
-300
-300
191
218
293
218
260
237
-300
-300
-300
236
-300
-300
226
197
221
236
-300
237
205
206
233
255
209
209
-300
-90
-300
226
258
206
236
-300
-300
222
221
-300
-300
235
-300
-300
251
238
-300
197
-300
-300
195
-300
239
-300
-300
-300
252
-300
208
209
221
-300
257
-300
246
-300
224
-300
203
230
-300
-300
227
-300
237
278
239
-300
226
250
94
216
217
-300
246
260
218
218
224
-300
206
168
-300
50
-79
256
-300
-300
221
224
241
-300
228
-300
-300
-300
-300
248
251
-300
-300
-300
247
253
236
210
-300
-300
243
-300
-300
277
-300
-300
230
212
252
210
244
243
-300
232
214
196
221
244
260
233
134
-300
207
-300
194
214
227
285
242
240
-300
-300
196
-300
231
237
214
225
232
202
214
-300
261
-300
-78
237
-300
-300
-300
235
221
170
-300
268
-300
-300
229
211
-300
253
-300
273
214
222
260
250
263
-300
-300
-300
-300
-300
-300
-300
-300
230
224
210
-300
204
248
217
-300
233
256
-300
-300
-300
238
-300
139
197
-300
-300
244
209
-300
-300
-300
-300
-300
-300
221
-300
236
-300
-300
216
-300
-300
228
-300
187
250
-300
241
223
235
222
243
232
124
209
-300
234
-300
-300
242
-300
226
-300
-300
263
-77
266
-300
240
204
198
232
-300
237
-300
202
230
245
257
-300
245
-300
-180
228
-300
220
185
-300
-300
241
202
267
-300
246
-300
244
214
-300
225
232
239
257
-300
232
225
-300
-300
-300
131
250
229
255
-300
236
-300
-300
215
-300
-300
236
-300
-300
-300
140
227
-66
-300
-300
-300
200
234
1
-300
242
-300
233
249
244
-300
174
237
-300
183
229
243
239
238
-300
216
194
248
-300
-300
-300
246
222
-300
226
231
198
-300
-300
-300
-300
-300
-300
-300
240
246
233
220
-300
-300
-300
245
-83
259
220
245
218
-300
-85
266
-300
203
249
226
227
-300
165
-300
-300
-300
271
207
237
-300
237
220
-300
241
134
231
227
-300
-300
273
236
214
-300
-300
234
201
212
190
238
27
-300
211
205
233
243
-300
243
237
-300
243
-300
-300
225
226
-300
167
220
234
-300
210
-300
221
203
258
-300
271
-300
-300
275
221
-300
-300
-300
216
220
-300
205
103
-300
-300
-300
266
200
-300
-300
-300
214
100
215
-300
243
-300
249
-300
241
199
-300
246
224
-300
232
217
230
-300
-300
203
244
-300
213
-300
-300
-300
-300
-300
-300
-300
-300
-300
226
-300
-300
227
195
224
258
244
241
-300
-77
243
-300
-300
251
-300
211
160
-300
218
264
246
-300
240
-300
221
238
214
-300
220
238
-300
212
229
234
-300
254
209
244
208
-300
217
220
185
-300
242
-300
226
163
222
243
198
-300
217
239
-300
-300
197
-300
211
204
-300
-53
-87
-300
223
259
-63
208
-300
230
205
206
-300
-300
-300
-300
-300
-300
246
-300
262
-300
-300
233
-300
231
-300
228
257
-300
243
245
-300
-300
252
218
232
-300
242
225
-300
210
253
237
226
255
-300
228
-300
-300
230
-300
-300
-300
232
245
242
211
256
224
222
246
269
-300
230
-300
-300
-300
-300
181
281
-300
241
262
220
228
-83
-300
-300
-300
197
219
233
208
222
-300
-300
179
233
210
-300
-300
218
-300
246
223
-300
-300
201
212
224
-233
-300
243
274
287
214
219
215
237
235
-300
151
-300
255
227
-300
-300
232
-300
226
-300
229
-300
235
245
-300
257
-300
-300
234
-300
186
231
249
243
-300
263
209
-300
217
218
237
218
219
-300
252
-300
-300
-300
205
-300
223
226
-300
159
-300
-300
-300
200
219
204
259
-300
259
-300
-300
196
235
170
-300
-300
217
241
-300
252
206
-300
247
-300
225
220
199
-300
191
246
275
245
237
240
229
-300
146
-300
225
-300
-300
-300
-300
239
212
247
247
215
254
-300
-300
234
-300
-300
235
247
-300
-300
-300
218
252
238
-300
233
-300
-300
-300
255
184
-300
220
-300
-300
-300
233
220
239
-300
229
-73
-300
220
226
-300
201
210
-300
-300
-300
-300
-300
-300
-300
251
209
-300
-300
-300
-300
207
269
254
169
-300
136
198
242
228
200
-300
231
-300
209
-300
229
229
210
-107
217
-300
-300
244
-300
-300
257
-300
233
258
-300
254
-300
-300
219
244
238
-300
-300
257
220
-300
-300
292
-300
-300
211
172
237
187
-300
219
260
251
245
275
-300
-300
235
247
-300
-300
237
227
210
-300
103
-300
253
180
-300
-109
-300
-300
219
198
-300
209
-300
113
-300
-300
187
232
253
240
270
-300
-300
240
-300
-300
-300
230
258
247
238
-300
159
143
213
225
-300
-300
257
-300
237
-300
191
-300
202
231
-300
196
261
247
264
262
237
-300
235
230
210
223
263
233
138
62
-300
-300
214
213
-300
-300
-300
230
-300
-300
225
-300
208
-300
-300
212
246
268
-300
238
-300
248
212
-300
258
225
-300
205
251
205
220
219
255
250
-300
171
183
-300
240
252
-300
-300
-300
-300
-300
229
-300
200
219
-300
-300
-300
233
222
234
167
158
-300
220
208
227
229
246
-300
243
-300
-300
203
-300
206
-300
219
-300
229
230
297
-300
230
243
241
246
-300
-300
-300
36
230
-300
230
252
203
-300
257
222
200
241
221
232
246
244
281
-300
220
245
-71
-300
213
243
244
231
218
-300
-300
204
231
215
-300
208
222
-300
266
234
181
231
-300
233
-300
207
277
-300
-300
-300
253
195
-300
-300
236
255
206
239
196
252
228
224
-300
224
-112
224
-300
188
205
-300
215
238
230
-300
-300
-300
-300
-300
239
-300
-300
-300
235
264
-300
250
251
228
249
-300
-300
-300
-300
234
-300
248
-300
-300
237
212
-300
-300
203
-300
-300
231
-300
-300
260
200
-300
259
-300
-300
-300
-300
218
-300
-300
194
230
-300
201
-300
227
225
-300
219
243
-300
216
-300
251
277
-300
-300
257
223
207
-300
-300
240
241
-300
232
-300
260
-94
217
-300
222
-300
230
239
-300
235
222
221
141
-300
250
249
247
-300
230
246
-300
219
249
-300
-300
247
218
-300
226
222
254
234
-300
-300
197
-300
-300
-300
-300
-300
205
202
236
-300
237
240
237
207
-300
-300
259
211
-106
203
227
-300
186
-300
215
271
235
-300
-300
-300
240
226
250
-300
-300
-300
170
235
-300
216
-300
-300
-300
-300
-300
-300
-300
235
228
208
153
237
164
-57
222
231
227
218
229
249
-300
240
229
225
205
250
-300
-300
-300
261
247
168
-300
241
-300
238
238
236
240
206
201
193
221
229
236
-300
263
241
-300
262
-300
-300
232
240
201
251
225
-74
249
239
-300
212
254
-300
238
231
-300
-300
-300
225
250
-300
-300
184
260
226
209
-300
-300
127
-300
-300
222
-300
228
-300
226
-300
214
208
255
202
214
227
-300
223
220
80
233
-300
227
190
-300
-300
-300
-300
226
112
216
-300
246
-69
-39
241
-300
214
-300
-300
202
254
198
-300
-300
-300
-300
262
-300
223
219
224
239
-300
230
245
237
-300
-300
-300
228
-300
-300
-300
-300
-300
264
-300
225
-300
-300
-300
222
-300
291
234
-300
259
-300
-300
203
-300
-300
194
194
287
-300
-300
-300
198
-300
235
-300
232
214
255
224
-300
39
-300
-300
-300
-300
-300
219
-300
242
-300
210
225
232
-300
-300
239
235
225
194
-300
-300
-300
-300
224
-300
253
254
246
-300
-300
221
209
240
-300
199
-300
203
235
234
220
200
-300
219
200
234
-300
198
229
-300
-300
257
236
202
260
230
132
-300
209
-300
254
-300
-300
-300
259
-300
215
146
-300
223
232
-300
193
247
209
214
-300
242
280
198
-300
-300
239
211
290
-300
224
239
174
-300
197
-300
222
-300
227
-300
-86
228
233
-187
247
-300
208
244
230
36
242
231
216
-300
236
-300
195
205
-300
-300
243
239
207
-300
-300
-300
218
-300
233
235
-300
-300
188
231
208
-300
-300
219
253
233
-300
-300
212
221
-153
228
-71
-300
230
255
224
-300
-300
-300
-300
161
-300
244
-300
224
202
8
256
229
-300
218
-300
-300
-300
-300
-201
231
283
240
-300
243
194
-300
256
-300
234
217
-300
220
-300
279
230
253
-300
-300
-300
-300
220
240
238
243
205
237
289
-300
273
252
156
254
234
222
-300
-300
244
201
-300
264
-300
232
290
203
-300
256
-300
239
232
-300
-300
223
251
-300
275
161
233
-300
-300
230
-300
248
211
257
285
-300
-300
288
241
-300
-300
215
200
201
228
220
110
-300
-300
95
211
212
131
201
-300
220
-300
206
206
242
-300
219
-300
-300
-300
148
-300
227
248
221
-300
216
262
221
254
-300
226
-300
213
251
219
229
247
244
-94
-300
207
-300
-300
280
176
-300
172
223
-300
-300
246
-300
220
242
223
226
227
194
246
229
-300
-69
261
217
-300
230
-300
-300
232
212
-300
157
-300
-300
-300
108
-300
229
-300
-300
232
-300
218
-300
215
229
-300
246
233
221
188
259
-300
216
-300
272
-300
-300
237
221
-300
-300
210
232
272
235
-300
238
221
-300
202
-300
212
-300
-300
228
225
199
237
-83
-300
267
-300
256
221
-300
228
214
-300
231
233
241
213
-300
-300
-300
216
-300
207
244
-300
-300
214
237
-300
224
-300
195
254
267
-300
-300
-300
-300
-300
-300
-300
-300
-300
209
-300
285
211
213
-300
-300
-300
196
140
261
-300
255
232
253
217
247
259
219
-300
-300
228
214
236
209
215
231
227
246
251
238
227
256
238
-300
192
-300
234
233
-300
169
223
186
-300
199
216
-300
240
229
194
236
226
-300
-84
-300
-300
239
233
-300
-300
-300
251
-300
245
-300
-300
229
-300
-300
245
167
-300
240
227
213
244
225
205
239
229
-300
-300
227
241
-300
210
223
-300
-300
-300
-300
-300
221
244
201
216
202
-300
-300
239
224
212
234
-59
173
-300
242
-300
210
221
-300
-300
231
209
260
240
222
221
-300
251
-300
221
-300
-300
-300
-300
196
-300
224
198
-300
242
235
-300
190
229
215
222
-300
221
244
225
254
-300
239
-300
262
211
-300
-300
-300
231
233
-300
-300
236
-300
235
257
-300
-300
-300
230
-300
-300
243
181
259
229
-300
225
-300
239
246
241
233
241
185
139
-300
230
223
235
212
212
237
-300
214
-300
238
-300
-66
227
232
248
201
-300
211
-300
-300
-300
208
239
157
231
157
-300
198
-300
184
-300
194
240
215
220
225
251
-300
-300
-300
216
216
-300
-300
205
-300
230
246
241
217
-300
228
222
232
-300
247
-94
236
250
223
58
-300
-300
224
259
-300
234
-300
272
-300
-300
199
227
227
231
-300
-300
238
219
-300
228
238
243
-300
-300
240
235
232
222
256
266
211
259
226
221
-300
254
-300
-300
209
230
248
275
218
240
-300
-300
-300
214
-300
-300
202
188
215
231
-300
-300
232
-300
191
-199
-300
-300
-300
217
201
233
275
264
225
-71
-300
-300
-300
193
176
256
-300
-300
176
236
224
228
243
241
257
-300
227
-300
-300
-300
166
252
231
154
211
-56
236
-300
-300
232
-300
-300
230
-300
112
231
-300
201
230
-300
-300
230
260
254
-300
207
205
-300
233
-300
240
242
-300
-300
198
211
225
-300
238
236
-300
231
272
218
-300
-300
-235
249
-300
237
-300
199
228
229
233
-300
235
223
280
231
260
-300
-300
211
190
205
-300
247
-300
-300
198
-300
265
83
-300
-300
-300
206
253
216
232
-300
-300
129
221
-300
-300
229
234
-300
-46
-300
259
-300
-300
232
246
230
-300
232
190
237
-300
-300
-300
-300
219
245
207
-300
-300
242
-300
240
199
-300
-136
226
-300
213
225
-300
-300
268
-300
-300
190
260
169
-300
-300
-300
253
-300
233
238
246
-300
-300
231
-300
-300
246
237
260
-300
243
230
245
234
-300
-300
206
-300
-300
251
260
237
230
-300
-300
233
259
-300
235
-300
234
-300
237
-55
152
-300
248
232
-300
-300
223
238
-93
-40
-300
-300
-300
-300
204
-300
224
-300
239
-300
-300
-79
-300
-300
219
236
-300
246
239
240
-300
-300
-300
228
221
214
225
-300
-300
243
226
-300
-300
-300
-300
262
224
264
234
224
255
-300
256
-300
243
-300
-300
-300
198
211
-300
-300
231
233
233
-300
208
-300
-300
255
-300
-300
233
-300
249
-300
-300
-300
-300
218
-300
225
224
-300
-300
218
-300
-300
-300
-300
217
270
220
192
-300
226
275
244
199
-300
100
-300
233
270
200
183
-300
-300
235
-300
-300
-300
-300
-300
254
-300
191
188
-300
211
-300
-300
-300
-300
214
-300
-61
-300
-300
-300
-300
-300
258
-300
177
-300
211
-69
-300
209
230
238
259
232
-300
200
-300
-300
215
184
-300
-300
228
167
254
-300
3
-300
-300
-300
219
245
229
249
-300
-300
-300
-178
251
218
246
-300
-300
-300
-300
217
-300
216
-300
230
-300
-300
228
211
-300
-300
-300
-300
229
216
-300
-300
229
-300
230
221
241
258
249
201
233
219
-300
215
-300
230
145
244
-300
-300
239
240
198
231
215
213
-300
-300
-300
-300
237
-300
215
-300
-300
-300
-300
252
225
196
202
-85
-300
204
205
216
238
-300
233
226
-300
185
272
208
229
254
-300
254
-300
-131
-300
-300
256
228
196
236
265
215
-300
-300
215
-300
-300
-300
-300
207
-300
-300
185
216
-300
242
235
-300
-300
-300
205
-300
227
245
209
-300
-66
-300
218
238
232
-300
284
-300
259
213
243
-300
237
217
-300
244
250
266
239
-300
-300
175
-300
242
219
218
-300
233
-300
219
211
-300
-300
-300
217
202
224
-300
-300
249
-300
-300
104
217
-300
240
235
236
199
227
-300
62
262
245
196
-300
236
215
-300
247
166
250
238
-300
-300
-300
-300
-300
223
282
251
240
239
-300
197
227
215
-300
245
289
227
-300
247
226
-300
-300
254
239
231
-300
-300
190
-300
222
-300
217
-300
201
201
-300
237
246
-300
-300
186
254
158
173
-300
249
-300
-300
-89
-300
249
-300
236
217
235
233
-300
-300
-300
-300
275
200
-300
-300
232
-300
-300
217
221
-300
-300
208
229
238
-300
202
-300
236
-300
-50
-300
242
246
230
233
-300
229
-300
229
197
207
215
-300
218
234
215
-300
246
229
-300
234
-300
229
234
206
-300
245
-300
228
62
268
173
223
-300
231
247
-300
221
-300
-300
-300
203
224
253
265
-300
208
223
239
217
237
241
184
234
-300
-300
-300
-300
247
238
226
223
-300
228
254
203
215
-300
275
-300
-300
-300
-300
-300
191
-300
235
233
-300
250
205
230
