-268.37
-256.25
-273.13
-280.74
-267.25
-265.8
-258.28
-263.75
-271.13
-292.6
-266.06
-272.84
-272.55
-261.19
-277.25
-278.39
-266.34
-282.26
-261.08
-267.79
-262.6
-283.01
-251.5
-269.28
-279.29
-268.88
-274.27
-258.47
-248.48
-277.38
-276.59
-268.46
-268.17
-267.12
-278.88
-285.6
-253.34
-267.0
-265.34
-276.56
-288.73
-289.63
-274.09
-270.55
-260.15
-288.0
-277.59
-263.75
-284.32
-250.17
-281.54
-262.98
-285.04
-261.12
-279.89
-282.99
-263.69
-272.4
-273.82
-273.59
-284.35
-282.99
-267.71
-271.67
-277.91
-286.72
-271.85
-254.41
-264.61
-257.16
-281.72
-275.64
-252.99
-274.29
-281.75
-272.62
-274.01
-254.57
-273.27
-288.48
-268.95
-266.23
-270.48
-265.39
-256.43
-267.71
-274.13
-263.23
-264.82
-266.33
-280.22
-273.19
-266.36
-249.64
-281.62
-269.77
-259.19
-276.87
-270.52
-267.86
-270.63
-278.02
-280.54
-274.7
-286.04
-283.3
-281.16
-272.19
-266.13
-276.6
-266.73
-269.82
-260.27
-281.3
-255.44
-288.7
-269.71
-279.35
-255.49
-287.89
-276.24
-271.94
-265.64
-252.62
-271.26
-281.4
-261.48
-284.9
-268.89
-278.3
-263.85
-275.86
-265.22
-278.58
-279.09
-270.23
-285.69
-270.23
-275.85
-262.92
-265.01
-270.38
-275.88
-278.85
-272.02
-266.15
-262.37
-269.88
-266.51
-268.46
-271.99
-268.26
-267.6
-293.34
-291.96
-257.16
-268.02
-254.58
-270.87
-272.07
-284.34
-279.93
-276.27
-264.06
-254.74
-286.51
-288.83
-266.46
-278.12
-273.46
-264.65
-254.17
-277.24
-270.14
-268.1
-281.62
-275.72
-255.37
-273.45
-275.04
-283.55
-268.62
-276.0
-273.85
-266.15
-265.44
-272.89
-270.02
-281.56
-280.33
-265.82
-262.14
-266.01
-266.23
-261.2
-248.19
-276.11
-259.2
-271.66
-272.01
-274.93
-257.36
-265.02
-280.51
-254.27
-277.05
-278.42
-272.52
-270.75
-263.26
-260.99
-270.03
-281.28
-267.43
-273.73
-277.89
-275.97
-282.74
-261.41
-281.79
-280.02
-271.63
-260.83
-281.75
-270.81
-277.38
-259.41
-277.03
-269.17
-250.73
-274.92
-265.95
-277.3
-244.23
-270.2
-268.2
-274.41
-271.72
-245.98
-262.51
-267.29
-272.76
-281.97
-262.63
-272.66
-278.28
-265.27
-267.43
-263.0
-270.26
-256.68
-260.81
-263.04
-266.52
-283.52
-267.63
-282.37
-280.57
-283.05
-273.95
-241.3
-271.75
-287.67
-281.85
-265.05
-278.41
-275.66
-276.04
-261.06
-274.46
-272.53
-258.66
-283.29
-264.85
-268.04
-266.38
-282.05
-282.42
-285.95
-265.85
-264.07
-293.1
-283.91
-260.78
-288.21
-281.96
-266.88
-273.0
-290.04
-275.77
-263.53
-288.8
-272.52
-268.81
-272.47
-281.27
-266.61
-273.85
-274.77
-264.91
-270.03
-276.77
-292.54
-276.43
-286.53
-284.62
-278.24
-279.44
-279.03
-269.79
-277.77
-284.85
-288.13
-281.17
-292.46
-258.05
-284.7
-283.62
-271.69
-272.03
-289.64
-287.96
-279.84
-269.09
-272.41
-266.34
-270.83
-276.54
-271.41
-276.18
-270.05
-265.1
-279.72
-269.02
-288.82
-284.93
-275.98
-276.21
-256.91
-276.79
-270.74
-264.05
-281.81
-262.13
-271.61
-267.94
-285.97
-266.1
-265.86
-266.56
-257.91
-287.64
-264.08
-278.28
-277.06
-263.7
-290.49
-259.46
-273.64
-264.15
-282.27
-268.42
-245.56
-279.76
-267.76
-280.19
-260.84
-269.16
-272.11
-265.39
-262.2
-274.8
-286.86
-271.72
-270.27
-255.96
-262.78
-274.91
-254.61
-277.16
-277.97
-263.36
-270.74
-248.28
-279.91
-234.54
-280.66
-271.12
-286.24
-251.69
-270.26
-254.63
-269.41
-234.63
-250.26
-261.53
-277.05
-251.02
-286.21
-259.27
-278.25
-273.69
-274.39
-275.97
-257.64
-288.17
-268.38
-279.71
-243.25
-263.77
-254.77
-272.76
-264.12
-279.0
-251.83
-265.83
-277.4
-275.67
-286.09
-261.96
-277.57
-277.01
-268.24
-284.57
-267.69
-270.93
-259.82
-265.65
-275.58
-279.88
-286.88
-246.82
-287.54
-274.54
-279.55
-266.17
-268.67
-263.47
-272.36
-257.49
-268.3
-255.79
-272.24
-258.52
-281.58
-289.05
-273.11
-283.76
-252.89
-266.39
-256.07
-272.79
-252.22
-272.1
-267.36
-284.83
-265.75
-273.87
-260.8
-273.81
-257.37
-260.55
-261.06
-257.87
-263.46
-275.38
-279.52
-264.85
-279.39
-270.24
-271.07
-275.0
-265.15
-260.83
-278.87
-272.41
-274.87
-269.62
-261.44
-279.48
-285.2
-256.57
-270.63
-285.9
-267.47
-284.41
-273.87
-257.07
-260.28
-271.85
-267.84
-284.47
-270.67
-262.86
-279.05
-274.67
-283.59
-267.15
-254.78
-258.45
-268.27
-278.17
-286.39
-273.38
-283.95
-268.3
-281.77
-266.6
-270.14
-263.36
-249.94
-282.8
-276.07
-281.41
-276.14
-274.66
-273.0
-269.61
-265.07
-268.77
-272.06
-283.78
-276.22
-276.85
-275.5
-280.61
-264.4
-285.68
-285.26
-282.2
-264.02
-263.73
-276.15
-289.74
-271.51
-273.09
-268.05
-273.33
-273.81
-273.53
-254.41
-278.1
-263.71
-272.54
-289.65
-271.17
-275.78
-278.63
-276.17
-245.33
-278.39
-263.48
-272.59
-269.87
-270.15
-281.98
-264.18
-284.46
-279.67
-261.55
-279.83
-274.07
-271.53
-253.03
-259.52
-262.66
-277.87
-281.31
-246.55
-271.47
-277.37
-260.42
-263.79
-289.26
-264.42
-275.6
-279.33
-282.53
-262.05
-269.44
-271.77
-276.88
-281.2
-293.72
-271.47
-276.2
-251.31
-283.24
-281.44
-273.03
-284.37
-260.63
-273.46
-285.62
-284.17
-271.27
-267.75
-278.03
-272.32
-278.15
-275.92
-265.91
-273.38
-267.21
-282.9
-279.21
-277.64
-279.93
-287.47
-274.78
-270.91
-283.17
-278.35
-278.25
-281.11
-258.39
-283.78
-278.73
-268.82
-284.16
-288.68
-274.47
-281.91
-286.74
-277.6
-290.48
-276.2
-280.16
-260.08
-273.61
-283.94
-274.91
-275.3
-289.04
-273.21
-260.67
-290.82
-267.81
-264.79
-258.24
-274.14
-262.36
-264.05
-284.11
-270.24
-250.9
-275.39
-277.55
-282.56
-286.95
-262.5
-269.61
-283.79
-277.13
-289.44
-272.53
-277.34
-269.55
-263.47
-275.9
-281.32
-288.06
-269.04
-277.27
-273.18
-272.7
-282.09
-272.12
-278.34
-267.31
-284.72
-275.72
-274.61
-260.22
-274.84
-264.24
-261.93
-243.34
-278.74
-277.01
-280.08
-281.28
-274.43
-276.53
-268.63
-269.31
-257.06
-253.12
-272.91
-282.86
-268.56
-273.55
-277.91
-255.51
-272.08
-271.4
-243.43
-265.58
-274.83
-255.27
-278.04
-276.94
-284.58
-277.05
-261.84
-257.55
-256.48
-272.31
-248.56
-265.53
-267.12
-282.93
-267.06
-267.84
-269.35
-267.18
-272.32
-259.29
-281.14
-263.87
-253.91
-266.12
-256.86
-265.32
-270.58
-266.97
-271.41
-262.66
-267.44
-234.42
-261.8
-267.0
-253.06
-260.48
-264.29
-269.83
-265.44
-242.55
-258.09
-273.51
-252.67
-253.12
-273.78
-240.37
-254.93
-260.59
-265.35
-255.09
-247.34
-279.62
-252.99
-250.88
-260.15
-266.81
-256.19
-255.35
-257.76
-263.25
-271.48
-262.67
-281.05
-249.66
-271.62
-259.6
-250.7
-270.61
-264.31
-256.37
-274.0
-256.83
-255.51
-254.58
-262.0
-266.21
-237.37
-262.15
-260.01
-268.91
-268.37
-251.71
-236.63
-245.72
-245.32
-271.93
-257.49
-271.16
-252.6
-253.27
-253.64
-264.1
-238.1
-232.98
-244.72
-263.83
-269.09
-241.67
-267.84
-247.76
-258.4
-248.05
-248.56
-273.53
-261.94
-269.01
-260.4
-221.34
-238.87
-263.43
-249.26
-241.26
-230.94
-259.78
-256.55
-259.64
-271.07
-276.27
-275.66
-238.05
-248.34
-259.39
-257.11
-259.15
-268.16
-268.74
-248.1
-267.38
-270.85
-261.13
-254.99
-260.26
-221.6
-280.3
-261.8
-262.04
-256.03
-266.57
-250.29
-254.3
-269.11
-257.14
-250.1
-272.31
-246.28
-247.51
-238.31
-260.83
-261.07
-253.42
-249.88
-263.63
-239.43
-248.43
-249.47
-253.52
-251.16
-249.5
-248.53
-259.62
-246.85
-262.08
-247.63
-238.53
-269.38
-240.5
-257.81
-271.72
-242.13
-253.59
-255.37
-239.82
-256.68
-251.22
-258.23
-255.26
-249.83
-233.43
-243.84
-237.34
-260.34
-255.96
-226.58
-255.32
-247.9
-256.38
-249.62
-260.27
-237.22
-262.38
-240.46
-231.96
-244.93
-245.15
-238.12
-269.12
-243.75
-234.22
-242.27
-249.18
-259.57
-230.99
-240.64
-247.42
-245.71
-263.69
-234.72
-254.07
-249.1
-207.4
-251.73
-221.03
-238.78
-234.66
-246.57
-240.52
-246.97
-246.13
-230.69
-224.15
-243.66
-228.17
-252.13
-235.28
-250.78
-246.41
-241.59
-239.34
-236.14
-211.94
-211.78
-239.77
-246.38
-247.41
-218.96
-239.11
-249.5
-252.82
-239.62
-238.0
-258.78
-237.64
-238.96
-251.8
-231.05
-228.37
-215.38
-256.1
-233.55
-221.12
-232.33
-223.86
-242.16
-249.62
-247.66
-254.27
-238.26
-249.03
-242.99
-232.49
-222.73
-250.9
-216.6
-224.47
-239.3
-234.46
-227.85
-226.33
-230.36
-243.1
-246.41
-235.92
-256.39
-248.45
-200.73
-216.86
-236.13
-219.78
-213.24
-229.32
-227.44
-214.73
-207.23
-198.6
-216.6
-206.83
-207.21
-208.58
-226.44
-206.19
-231.9
-204.18
-206.89
-228.7
-207.5
-196.07
-191.66
-215.97
-234.7
-240.37
-225.7
-222.32
-224.16
-218.33
-227.51
-226.66
-225.94
-180.65
-211.14
-222.17
-218.02
-201.08
-219.22
-190.69
-205.78
-220.62
-209.94
-195.73
-222.95
-216.17
-236.63
-195.42
-219.8
-210.01
-234.3
-215.7
-211.64
-204.33
-197.31
-240.28
-233.72
-259.73
-233.16
-236.39
-214.63
-233.89
-225.16
-214.87
-263.67
-236.13
-216.0
-239.82
-223.14
-219.7
-235.89
-250.83
-242.84
-253.43
-255.74
-247.64
-211.99
-225.78
-238.79
-222.48
-203.15
-223.83
-225.22
-224.52
-225.0
-230.17
-193.85
-237.62
-220.1
-221.26
-191.85
-222.02
-225.08
-256.37
-245.01
-224.55
-229.38
-241.7
-224.11
-225.9
-222.47
-243.68
-215.76
-236.25
-240.82
-223.72
-238.11
-247.26
-235.24
-227.34
-218.3
-230.25
-252.46
-251.48
-234.53
-224.18
-217.12
-250.67
-237.65
-254.57
-239.61
-256.41
-231.61
-226.87
-243.97
-228.76
-229.77
-222.18
-247.22
-237.78
-226.52
-210.87
-209.63
-245.89
-239.54
-247.84
-228.39
-212.3
-222.53
-243.9
-237.69
-238.91
-221.51
-235.01
-214.69
-230.65
-205.04
-223.16
-228.94
-226.98
-232.78
-220.37
-226.65
-250.89
-219.42
-232.68
-209.92
-224.89
-215.46
-210.22
-233.68
-217.53
-231.56
-229.04
-230.16
-218.2
-232.96
-247.65
-247.0
-240.83
-237.48
-247.03
-234.91
-226.96
-245.03
-210.72
-215.59
-241.92
-250.64
-241.69
-234.85
-236.57
-226.5
-245.3
-248.29
-253.1
-272.87
-241.84
-240.17
-239.03
-239.16
-241.25
-218.47
-225.43
-244.98
-170.31
-205.35
-197.96
-204.04
-227.68
-225.88
-228.6
-238.21
-200.74
-231.63
-221.93
-194.02
-205.95
-216.76
-219.37
-218.53
-224.73
-201.69
-208.91
-216.51
-229.88
-237.85
-186.92
-204.83
-236.64
-203.16
-215.5
-212.81
-187.18
-204.88
-212.22
-223.56
-228.1
-215.5
-186.9
-235.12
-217.35
-227.4
-223.63
-210.27
-227.39
-250.76
-232.28
-228.33
-231.43
-233.56
-200.11
-214.86
-184.87
-209.01
-231.44
-174.27
-206.4
-219.49
-228.6
-183.77
-202.97
-191.62
-205.29
-208.51
-215.66
-183.27
-215.84
-235.8
-226.74
-229.24
-221.74
-213.77
-227.25
-200.77
-231.42
-228.53
-207.03
-192.17
-200.97
-215.08
-227.67
-198.35
-214.88
-232.14
-222.2
-220.52
-213.34
-226.52
-247.96
-240.07
-235.78
-200.25
-219.07
-212.62
-191.96
-224.13
-191.74
-203.86
-174.69
-233.34
-216.13
-208.12
-210.57
-231.37
-221.72
-211.36
-236.5
-211.38
-225.4
-210.44
-214.51
-208.77
-233.46
-220.63
-221.08
-220.19
-202.6
-222.03
-220.59
-194.33
-223.66
-211.06
-229.76
-192.19
-201.15
-225.98
-201.4
-177.78
-201.74
-170.96
-173.25
-201.29
-184.88
-213.96
-208.48
-187.08
-204.84
-234.86
-189.43
-202.12
-191.3
-206.51
-206.13
-209.06
-213.73
-214.4
-220.72
-210.48
-221.69
-226.54
-196.62
-179.61
-196.41
-182.31
-186.37
-193.78
-202.12
-171.47
-213.99
-181.91
-204.56
-204.69
-220.87
-200.53
-235.32
-199.19
-205.24
-194.12
-179.71
-201.58
-179.64
-210.89
-165.65
-215.19
-203.4
-180.03
-191.4
-213.99
-191.91
-218.52
-207.18
-232.32
-194.78
-197.26
-195.28
-185.02
-241.71
-235.92
-228.54
-238.4
-205.0
-240.18
-231.32
-206.45
-236.69
-199.35
-194.24
-190.96
-234.15
-169.57
-185.81
-190.98
-219.05
-202.22
-184.86
-184.3
-183.6
-180.78
-200.13
-194.58
-188.23
-215.14
-217.77
-168.48
-227.89
-211.66
-222.19
-205.47
-197.92
-216.98
-176.84
-212.19
-231.28
-210.16
-189.74
-190.76
-214.37
-230.25
-200.28
-217.09
-202.52
-178.95
-186.81
-207.36
-189.66
-203.45
-192.17
-211.24
-216.16
-202.73
-195.63
-200.95
-180.11
-200.67
-186.08
-232.99
-197.01
-215.06
-194.77
-219.32
-212.81
-185.4
-215.23
-209.16
-201.26
-185.2
-222.24
-209.99
-188.72
-204.28
-142.7
-196.29
-218.46
-214.12
-198.11
-202.47
-141.24
-182.62
-181.96
-224.68
-204.59
-217.58
-197.52
-162.37
-205.93
-189.47
-173.92
-191.65
-201.15
-195.15
-175.34
-168.85
-158.7
-161.91
-186.55
-210.85
-204.99
-204.12
-204.11
-210.59
-221.17
-219.43
-194.23
-165.41
-166.55
-185.49
-216.05
-214.05
-205.13
-198.01
-219.34
-190.54
-203.19
-179.19
-189.46
-171.59
-175.92
-167.66
-180.74
-176.83
-176.72
-230.05
-200.51
-215.04
-188.69
-186.06
-216.37
-202.1
-205.21
-191.41
-202.17
-190.6
-211.68
-226.84
-221.32
-236.34
-199.48
-202.0
-217.45
-190.67
-224.52
-212.11
-226.18
-215.11
-206.54
-216.12
-229.97
-225.08
-205.43
-185.42
-193.3
-206.3
-190.11
-216.16
-204.81
-218.65
-197.86
-222.65
-209.09
-211.54
-214.34
-221.68
-199.18
-229.62
-208.36
-209.88
-171.85
-156.07
-214.74
-211.2
-211.08
-247.6
-237.48
-233.22
-218.51
-190.71
-199.06
-205.24
-195.25
-206.55
-192.86
-202.96
-213.64
-186.63
-199.34
-168.24
-167.88
-191.3
-174.41
-212.96
-198.84
-198.26
-196.41
-177.99
-186.02
-155.84
-199.54
-193.09
-186.01
-183.82
-194.01
-195.92
-190.06
-185.68
-155.11
-194.19
-200.04
-191.65
-181.73
-179.3
-180.09
-205.26
-212.36
-178.14
-187.29
-214.08
-215.25
-214.2
-200.88
-208.39
-183.82
-190.22
-166.94
-207.31
-231.7
-198.85
-203.17
-175.62
-203.24
-200.01
-186.25
-188.13
-184.41
-191.81
-186.0
-182.72
-186.04
-174.68
-188.05
-208.36
-213.39
-243.69
-219.08
-200.7
-190.18
-182.95
-198.78
-221.98
-199.44
-182.27
-185.24
-163.03
-184.42
-200.36
-211.74
-169.8
-180.67
-189.78
-187.88
-176.62
-184.17
-182.85
-186.51
-214.93
-199.35
-192.21
-177.03
-183.35
-213.65
-187.92
-208.95
-178.22
-221.07
-210.12
-231.92
-219.7
-225.37
-212.77
-196.2
-208.11
-227.7
-239.57
-252.74
-244.88
-235.88
-216.63
-253.33
-220.54
-218.42
-191.24
-196.16
-187.34
-187.6
-187.36
-196.11
-212.85
-189.07
-179.17
-214.13
-182.88
-188.97
-181.04
-220.59
-218.21
-208.81
-200.59
-223.82
-192.37
-222.04
-229.9
-215.93
-220.23
-224.3
-215.68
-195.26
-216.04
-211.44
-201.57
-209.88
-196.74
-214.85
-195.38
-219.03
-241.11
-210.62
-218.37
-195.21
-185.33
-206.84
-191.85
-175.81
-202.24
-194.2
-220.77
-218.38
-232.84
-168.9
-187.02
-212.01
-226.91
-201.31
-181.91
-197.27
-218.56
-183.42
-240.6
-208.28
-216.13
-235.12
-248.75
-228.67
-204.09
-229.13
-200.61
-192.1
-164.31
-216.16
-213.79
-216.32
-172.7
-217.05
-199.35
-189.94
-169.63
-202.55
-204.3
-187.39
-186.18
-188.73
-180.53
-187.0
-220.33
-238.16
-203.71
-210.78
-189.45
-229.55
-215.46
-221.43
-210.44
-193.32
-188.12
-158.95
-195.16
-154.05
-177.9
-157.67
-180.65
-182.47
-196.18
-185.22
-196.34
-180.36
-161.19
-159.35
-150.1
-148.63
-195.36
-176.42
-181.93
-177.55
-168.79
-192.84
-168.91
-210.82
-189.6
-179.2
-202.37
-215.01
-181.1
-170.45
-188.05
-201.01
-215.75
-153.87
-193.36
-223.8
-220.02
-206.76
-162.23
-190.53
-159.49
-189.95
-203.8
-187.93
-181.67
-202.24
-175.9
-181.71
-193.64
-187.42
-167.69
-163.09
-192.76
-190.72
-180.86
-183.14
-181.43
-208.27
-130.16
-172.1
-203.04
-199.98
-172.84
-175.04
-149.41
-178.61
-145.16
-157.96
-146.47
-190.35
-163.58
-117.55
-183.51
-161.63
-194.56
-198.14
-206.74
-182.54
-196.34
-213.3
-216.85
-178.52
-217.73
-167.68
-127.6
-127.04
-146.81
-135.87
-164.7
-209.5
-162.37
-187.44
-137.73
-139.74
-184.05
-203.71
-191.52
-158.56
-181.67
-168.4
-158.41
-172.22
-195.66
-196.47
-194.2
-195.33
-187.88
-165.83
-190.47
-198.9
-185.74
-174.27
-172.55
-187.72
-183.22
-155.92
-199.18
-215.97
-188.14
-173.58
-195.83
-190.19
-128.67
-160.84
-130.66
-172.2
-183.14
-134.9
-166.25
-135.37
-191.78
-212.1
-176.5
-175.51
-132.8
-204.67
-180.44
-170.42
-196.98
-168.5
-172.33
-139.12
-183.06
-168.86
-151.67
-164.36
-169.96
-137.84
-146.53
-194.31
-196.77
-214.01
-144.08
-109.24
-170.28
-196.74
-154.98
-158.66
-161.4
-122.9
-162.5
-161.43
-178.98
-166.85
-149.69
-152.53
-169.47
-160.22
-142.03
-200.41
-171.85
-151.74
-145.47
-173.79
-166.13
-154.26
-148.49
-198.7
-174.51
-181.78
-190.21
-168.78
-143.76
-165.88
-114.85
-158.38
-193.72
-196.6
-193.41
-168.76
-172.07
-189.94
-177.17
-147.05
-171.6
-153.83
-163.72
-165.03
-203.89
-216.64
-180.26
-170.64
-179.41
-164.19
-140.45
-148.03
-187.35
-161.88
-162.7
-151.01
-156.11
-159.75
-198.48
-182.68
-162.93
-172.02
-144.87
-173.4
-157.71
-140.26
-134.7
-135.4
-174.58
-139.46
-130.42
-139.5
-168.21
-226.21
-206.44
-231.42
-235.14
-210.81
-240.07
-232.7
-238.73
-202.03
-245.3
-213.76
-226.96
-223.71
-187.89
-227.39
-187.2
-145.59
-155.68
-141.65
-168.47
-157.9
-145.52
-135.05
-165.4
-152.0
-193.49
-179.82
-154.17
-183.49
-188.53
-186.78
-166.7
-202.08
-216.59
-212.81
-177.83
-161.07
-157.31
-161.14
-157.66
-192.05
-175.84
-172.57
-198.01
-182.89
-188.94
-197.35
-184.76
-144.18
-140.21
-138.89
-155.05
-201.85
-156.86
-134.43
-183.81
-170.32
-137.34
-155.92
-156.71
-145.74
-116.59
-210.55
-138.14
-196.92
-216.12
-197.21
-159.88
-159.6
-144.13
-182.64
-171.46
-209.98
-194.1
-247.86
-180.14
-198.83
-225.12
-169.63
-204.33
-171.3
-191.36
-150.79
-175.33
-147.54
-142.93
-160.54
-139.03
-142.73
-147.31
-156.15
-158.2
-171.55
-149.72
-145.78
-158.94
-141.13
-99.36
-167.57
-153.55
-181.63
-130.68
-138.67
-151.05
-148.67
-169.12
-153.77
-140.73
-150.0
-130.63
-179.91
-155.9
-180.73
-149.02
-144.46
-160.78
-145.4
-199.2
-163.57
-115.46
-159.14
-133.53
-148.98
-140.19
-137.18
-170.99
-155.38
-115.14
-196.34
-189.05
-215.78
-160.41
-198.67
-175.2
-149.49
-188.79
-158.72
-142.41
-124.49
-147.86
-98.6
-135.85
-148.45
-153.89
-123.28
-122.95
-147.4
-154.04
-173.64
-120.28
-125.57
-149.3
-176.77
-159.11
-151.95
-124.74
-152.78
-152.0
-137.65
-124.03
-119.02
-155.97
-151.99
-140.84
-97.74
-95.65
-125.57
-134.96
-136.46
-142.25
-146.55
-173.03
-205.0
-226.39
-239.58
-224.34
-200.41
-217.42
-172.3
-175.77
-150.6
-170.16
-148.32
-141.51
-122.97
-136.13
-152.46
-194.33
-169.53
-197.04
-168.97
-174.81
-153.61
-178.82
-169.55
-142.47
-188.78
-203.12
-214.41
-194.15
-221.77
-198.03
-190.78
-196.99
-165.66
-167.96
-172.71
-157.51
-149.4
-181.94
-193.84
-151.9
-184.43
-164.1
-151.88
-110.91
-174.01
-136.01
-162.04
-161.8
-121.22
-133.67
-168.15
-160.29
-192.52
-179.21
-163.2
-179.2
-153.7
-167.36
-161.55
-135.65
-166.39
-133.46
-121.83
-163.82
-157.96
-138.33
-163.6
-161.54
-129.45
-199.27
-164.05
-132.23
-150.04
-170.5
-161.59
-189.99
-188.25
-160.98
-160.44
-181.38
-204.85
-227.56
-208.7
-199.23
-217.24
-184.72
-211.33
-225.78
-223.61
-215.8
-191.2
-181.38
-186.48
-158.81
-174.67
-144.62
-180.37
-176.53
-145.25
-152.23
-180.44
-121.19
-151.39
-155.7
-141.67
-100.86
-169.3
-129.15
-143.42
-130.04
-132.92
-150.75
-170.71
-135.43
-139.35
-152.14
-156.56
-144.1
-136.4
-179.87
-142.15
-135.4
-132.29
-129.58
-132.92
-138.82
-143.74
-127.55
-124.34
-154.11
-134.01
-150.7
-136.68
-104.22
-139.15
-195.52
-170.59
-187.69
-156.95
-142.51
-156.7
-182.81
-113.08
-160.28
-149.9
-145.27
-117.73
-169.68
-127.84
-195.31
-182.88
-147.58
-179.43
-139.74
-151.51
-127.87
-134.97
-115.45
-134.74
-125.58
-147.16
-155.84
-104.17
-99.41
-159.5
-146.02
-117.99
-123.56
-125.51
-124.06
-151.07
-120.72
-148.79
-153.06
-135.29
-131.65
-175.01
-158.78
-128.44
-157.2
-134.74
-148.02
-139.58
-196.77
-158.07
-118.53
-144.34
-108.6
-167.35
-141.57
-159.14
-164.44
-175.14
-200.31
-175.8
-135.8
-165.18
-176.27
-152.1
-170.13
-155.93
-140.28
-143.19
-139.74
-140.33
-150.43
-147.35
-166.82
-154.74
-154.07
-177.35
-155.4
-149.37
-163.84
-148.8
-159.82
-169.21
-133.97
-124.31
-150.51
-187.33
-150.85
-141.58
-138.43
-124.23
-142.22
-136.79
-153.3
-159.69
-142.01
-128.74
-115.51
-140.96
-162.34
-153.81
-127.27
-146.19
-134.86
-142.77
-110.07
-167.49
-134.67
-177.81
-159.18
-151.1
-167.97
-141.57
-185.53
-176.23
-146.2
-119.97
-149.12
-145.35
-150.9
-136.57
-165.33
-138.18
-154.94
-144.65
-161.77
-159.4
-130.27
-156.62
-104.45
-149.24
-140.83
-137.32
-166.68
-141.27
-185.34
-172.18
-135.22
-151.68
-120.06
-113.43
-126.11
-102.19
-149.12
-143.47
-115.87
-129.61
-143.94
-118.03
-122.76
-99.37
-100.98
-152.07
-173.26
-134.2
-84.66
-104.78
-84.52
-60.18
-111.74
-127.9
-133.79
-120.45
-109.94
-146.3
-152.87
-136.43
-106.19
-112.14
-124.64
-153.97
-136.74
-167.18
-206.06
-180.13
-163.84
-158.98
-100.82
-84.8
-118.5
-77.99
-110.5
-60.11
-114.48
-98.9
-128.03
-110.85
-139.47
-128.2
-147.4
-91.64
-95.58
-100.85
-115.98
-111.36
-172.35
-111.89
-78.73
-94.46
-95.11
-92.95
-82.34
-81.35
-117.5
-74.06
-59.92
-58.49
-61.39
-83.73
-93.38
-106.5
-48.63
-102.01
-71.62
-69.63
-91.47
-53.36
-82.34
-51.08
-83.74
-84.67
-91.99
-38.87
-48.68
-44.29
-40.87
-38.16
-54.03
-13.1
-67.56
-48.32
-80.66
-90.05
-68.03
-59.14
-55.42
-67.54
-77.72
-66.85
-67.43
-66.35
-146.3
-164.87
-137.52
-132.36
-48.64
-46.0
-29.01
-69.33
-61.94
-128.48
-94.77
-100.04
-76.02
-73.0
-92.66
-49.2
-70.6
-99.28
-99.4
-64.21
-94.88
-71.22
-48.82
-68.93
-54.9
-73.57
-77.95
-77.35
-57.84
-85.18
-132.68
-87.38
-49.45
-55.08
-38.65
-62.13
-97.71
-54.65
-36.97
-72.26
-49.0
-53.24
-48.8
-71.82
-87.28
-60.32
-75.12
-36.37
-66.0
-59.11
-72.6
-63.7
-89.22
-73.81
-63.52
-80.83
-68.14
-54.69
-69.32
-105.0
-44.04
-92.35
-39.93
-43.33
-41.78
-54.28
-29.91
-29.03
-60.39
-52.89
-45.65
-42.21
-95.38
-60.68
-72.3
-74.37
-129.48
-104.52
-44.42
-66.33
-46.13
-62.64
-42.79
-71.54
-42.57
-20.29
-1.25
-26.11
1.05
-29.39
-29.49
-2.92
-51.64
-42.0
-66.99
-42.94
-55.7
-63.68
-28.82
-28.19
-37.83
-39.96
-55.23
-25.43
-57.87
-48.64
-56.58
-70.0
-57.32
-38.96
-96.85
-38.04
-63.07
-35.78
-35.29
-35.18
-50.9
-12.01
17.53
20.48
10.02
21.09
-14.25
-73.26
-34.89
-13.25
-8.4
3.98
7.73
-2.16
18.76
2.16
-76.56
-34.19
-6.46
3.85
-2.67
-1.34
3.3
-2.71
-30.64
-34.33
-16.45
-137.77
-103.66
-12.09
-52.36
-47.21
-19.54
-47.28
-41.58
-52.92
-48.94
-52.47
-52.87
-98.73
-56.12
-55.69
-66.11
-59.69
-77.94
-70.31
-61.63
-59.83
-64.51
-49.25
-68.47
-53.61
-84.62
-86.66
-58.2
-68.52
-64.72
-63.23
-49.79
-48.49
-37.36
-74.82
-47.58
-46.72
-40.95
-32.56
-54.63
-47.64
-67.23
-46.63
-60.09
-43.86
-66.41
-95.87
-66.07
-61.71
-46.39
-67.28
-77.3
-37.9
-71.89
-72.12
-90.96
-54.2
-34.78
-38.58
-51.57
-38.62
-44.28
-39.0
-43.01
-41.02
-85.67
-47.16
-48.79
-34.51
-54.61
-41.31
-69.58
-52.13
-71.71
-34.94
-48.91
-72.67
-64.14
-95.86
-68.11
-35.24
-29.37
-49.24
-20.3
-36.77
-46.84
-27.22
-11.99
-42.9
-52.29
-44.38
-31.75
-44.52
-12.17
-21.7
-33.25
-15.86
8.31
-36.22
-50.19
-30.11
-68.33
-67.1
-38.74
-34.08
-21.23
-25.74
-34.51
-4.41
-30.56
-55.08
-10.29
-18.62
-30.18
-43.01
-56.53
-36.27
-52.82
-4.26
-25.11
-29.93
-46.62
-29.93
-13.16
-45.92
-14.87
-34.77
-59.35
-17.34
-43.3
-61.22
-13.86
-48.82
-42.46
-47.68
-49.14
-55.37
-58.75
-37.3
-15.73
-40.27
-56.63
-72.58
-36.11
-40.69
-40.75
-10.52
14.56
-47.7
-67.45
-58.34
-71.89
-42.39
-8.83
-4.6
-0.74
-23.43
-37.29
-18.81
21.27
-20.13
-20.18
-51.35
-23.3
-39.69
-35.4
-27.03
17.4
-38.52
-23.63
-7.12
-15.33
0.39
-22.75
-10.4
-43.7
-54.8
-20.54
2.89
-5.23
-29.97
-18.48
-17.61
9.04
-31.32
-18.31
-4.1
-37.71
-54.12
-57.12
-42.53
-52.89
-37.21
-46.54
-0.96
-35.01
-42.04
-32.54
-22.34
-19.05
-0.95
-14.77
-15.74
-8.06
-11.98
-2.34
-22.24
-10.08
-71.71
-18.44
-12.34
-26.3
-55.64
-24.81
-38.76
-23.44
-53.68
-57.19
-53.0
-25.45
-24.64
-29.75
-62.11
-59.84
-46.46
-39.16
-31.05
-4.57
-29.61
-17.64
-71.75
-60.2
-34.58
-24.68
-5.59
-27.17
-6.54
20.84
-24.96
-42.02
-42.12
-19.53
-11.42
6.36
18.78
-21.38
25.07
-47.8
-35.02
-13.57
-25.96
-1.41
-16.94
0.08
-19.12
-24.31
-29.08
-6.04
-18.95
-50.65
-24.64
-6.49
-27.65
-22.71
-14.82
-48.78
-55.89
-25.96
-34.95
-62.22
-52.8
-28.7
-48.19
-40.8
-42.04
-60.22
-74.59
-6.97
-26.36
-44.13
-65.45
-31.85
-41.66
-43.25
-12.26
-9.49
-32.75
-11.48
0.61
-8.82
-13.78
-0.38
-21.43
-20.92
-63.42
14.51
-16.54
2.57
11.19
-30.53
5.64
-13.96
-42.53
-5.61
-11.72
12.16
17.25
6.98
-12.78
-54.27
8.83
-10.21
-35.71
-27.31
1.06
-2.71
-11.9
-10.58
-1.85
-37.26
-44.31
-17.81
-38.37
-13.84
-26.01
-21.33
-42.92
-37.87
-18.97
-35.12
-13.64
-3.21
1.84
-23.47
-31.39
5.17
-13.59
-5.56
-7.43
-1.72
-19.02
-19.34
-27.3
-30.19
-8.72
0.45
-15.01
-16.07
-35.65
-32.13
-35.67
-48.73
-61.7
-14.97
-56.44
-32.01
-64.02
-24.35
-1.01
-23.7
-30.02
-36.48
-10.0
10.97
10.57
-22.06
-10.16
-28.58
-1.23
-52.7
-41.72
2.4
-29.23
-32.95
-29.01
-13.4
-1.71
-28.65
-73.64
-67.56
-66.41
-21.49
-60.72
-43.09
-31.36
-17.03
-46.63
-15.01
-17.32
-24.72
9.07
-21.45
-52.17
-10.2
9.59
-1.99
-33.4
-82.11
-151.77
-70.3
-31.62
-12.0
27.53
1.22
3.48
-5.47
-80.97
-80.92
-43.93
-35.25
-54.51
-16.81
-6.04
-15.19
1.03
-1.33
-14.65
-7.93
-21.02
-22.71
-23.1
9.71
-21.77
-55.15
-13.71
-24.65
10.99
6.88
-25.03
-0.32
-19.47
3.7
-8.79
-39.26
-48.24
-50.27
-87.22
-78.34
12.7
-74.52
-69.31
-49.8
-25.74
-31.56
-29.57
8.7
-4.61
-49.48
-18.54
-15.62
-12.55
-13.87
-17.27
-10.68
11.17
-2.44
1.11
-1.98
6.34
-12.97
10.1
-56.5
-25.91
-28.9
-14.06
-30.5
-60.56
-22.45
12.51
-4.8
-15.33
-28.33
-40.46
-52.95
18.01
-46.65
-20.1
-39.84
-21.75
-12.3
-18.52
-49.64
-28.26
16.16
-21.73
5.33
-6.22
-2.82
-26.01
-14.35
4.36
-22.92
-21.0
-17.18
4.64
-20.26
-42.76
1.19
-26.44
13.96
-25.7
-4.28
2.31
-22.12
-23.57
-14.24
2.09
-12.11
-16.23
-19.94
-4.41
-20.35
-20.66
4.66
-17.54
26.02
12.14
6.71
19.14
7.35
-54.58
20.43
-2.27
-16.71
1.69
4.07
18.78
14.84
-35.79
-23.28
-30.65
16.05
-29.32
-53.97
-43.29
-48.46
-19.77
-13.37
2.64
-56.16
-27.64
-35.02
-26.46
10.44
-37.55
-57.93
-49.33
28.29
-13.35
-61.09
-12.67
-58.75
-29.34
-20.91
-31.26
-16.71
9.03
18.49
13.71
-20.92
-29.23
-3.18
-25.23
-3.55
-10.56
-13.3
-20.96
-37.0
-16.44
-88.0
-63.46
-16.45
-24.36
7.49
0.88
-33.86
-9.23
-38.85
-36.56
-6.91
-26.19
-43.5
-20.71
-26.47
-29.37
-37.92
-65.12
-15.62
-18.2
3.12
-46.03
-25.71
-30.59
-27.69
-43.69
-82.0
-29.54
-57.35
-56.4
-34.54
-41.2
-49.61
-83.58
-63.55
-56.23
-36.41
-29.2
-39.9
-18.08
-35.74
-36.25
-70.9
-55.21
-34.03
14.29
-42.06
-52.88
-43.6
-25.41
-24.13
-32.16
-4.7
-37.33
-11.51
-54.79
-15.69
-8.06
-17.83
-33.23
2.93
9.3
-28.67
4.38
-20.79
-18.85
-27.81
-6.37
0.21
-3.71
-7.56
6.29
-33.01
-47.33
-60.35
-17.4
-38.12
-40.01
-30.37
-25.68
-19.8
-50.28
-36.05
-19.11
0.97
-18.25
-46.09
-33.14
-33.17
-40.4
-18.29
-35.09
-42.41
-23.91
-58.86
-26.82
-29.83
-35.65
-18.19
-27.76
-35.29
-62.74
2.55
-2.55
-43.33
-15.52
-40.2
0.43
-49.09
-4.42
-16.88
-4.65
1.59
-30.55
-20.62
26.1
1.53
10.94
-27.13
-21.93
7.18
-16.39
5.61
-1.2
5.15
-10.26
19.82
-0.5
-55.51
-27.85
-1.34
-15.16
-30.74
-33.5
-18.84
-19.2
-19.52
9.93
-6.88
3.33
-17.8
-30.05
-41.47
-14.32
-44.14
-34.83
-26.59
-1.84
-28.18
-18.61
-28.65
-30.96
-36.08
-37.25
-37.49
-41.09
4.19
-58.69
-26.25
-15.35
14.23
-3.37
-10.5
11.06
-17.14
-25.98
-29.54
-41.59
-1.88
-15.59
-14.46
26.44
0.94
-11.59
-50.8
5.24
-24.44
-15.94
-16.07
-79.44
-87.28
-3.33
-12.73
-22.04
-52.46
-37.11
-25.92
-28.24
13.45
-42.55
-29.73
-63.82
-40.14
-45.52
-51.99
-31.83
-26.5
-31.81
-46.77
-12.54
-27.39
-53.0
-26.58
-23.72
-40.37
-35.47
-45.18
-35.02
-43.95
-55.52
15.0
-54.14
-50.49
2.3
6.19
-39.45
5.91
-26.37
-13.76
-25.54
-75.08
12.94
-19.88
-13.64
-32.93
-1.98
-21.78
-12.89
-37.35
-7.4
-23.41
5.8
12.57
-29.24
-16.32
-22.66
-1.49
-4.8
-24.35
-17.08
-8.88
-19.23
-22.38
-23.02
-79.94
-47.6
-32.95
-19.35
-11.24
-34.26
3.58
1.43
-26.23
-29.68
-28.24
5.92
-5.8
-29.0
-37.42
-8.01
-9.19
-57.0
-57.16
-5.55
-27.05
-20.45
-7.37
-43.04
-40.2
35.73
-19.91
-42.0
-10.97
-18.43
-0.17
-2.58
-28.56
-34.84
-4.12
-32.69
-44.94
-31.78
-22.8
-21.74
7.06
-7.67
-48.23
-36.38
-43.75
-22.41
2.62
-29.28
-13.35
-46.12
-21.41
3.91
-52.63
-20.71
-3.95
-12.1
-9.61
18.71
-8.62
-10.35
26.08
9.52
16.76
-9.89
-32.8
-1.7
19.9
-28.5
-10.66
11.93
-31.17
-7.4
-49.76
-5.57
-42.58
5.84
-2.82
-10.3
-19.32
-43.55
1.87
-9.38
-21.12
-20.01
-15.21
-18.32
-4.05
-19.29
-5.94
-12.83
-17.52
-39.61
-6.49
-17.82
0.57
4.35
21.28
-1.72
-12.08
-10.51
-22.27
-12.91
8.62
-0.8
-6.78
-24.96
-10.93
-16.78
-30.87
-1.82
-18.58
-10.37
-31.61
-13.57
4.89
-30.78
-36.92
-34.79
-53.61
-44.94
-12.85
-35.9
13.53
-37.61
-36.42
-14.8
-23.53
-32.14
-21.58
1.6
-13.17
-29.25
-51.5
-9.69
-12.87
-22.74
5.09
-8.69
-5.63
-23.22
-17.17
-13.63
5.56
-16.07
-18.54
-10.52
-30.92
12.46
-18.04
-21.79
-30.59
-10.89
-43.23
-11.15
-8.04
-29.01
-33.98
-9.23
3.82
-13.78
5.01
3.22
-8.21
-0.12
-30.45
-6.97
-6.32
-9.35
-32.97
-39.14
-21.47
-13.34
-20.85
-7.39
-24.55
1.74
-25.52
-25.33
-78.93
-82.66
-53.14
-62.76
-48.17
-33.94
-39.01
-43.98
-40.88
-21.06
-52.88
-34.46
-45.14
-56.49
-27.04
-64.03
-51.06
-34.22
-17.05
-55.86
-38.9
-26.44
-25.82
-18.5
-41.02
-28.96
-35.89
-5.74
-11.5
-9.5
19.08
-12.46
1.7
-19.66
-0.28
-22.0
-19.59
-45.3
-17.25
-42.11
-7.93
-0.36
-23.07
-18.97
-23.76
-18.79
-20.16
-13.49
-14.15
-20.4
13.1
13.49
-26.4
-32.87
-25.81
-12.55
-33.23
-7.49
-51.28
-27.74
-16.86
-28.85
-10.13
-17.04
-23.63
-10.75
-28.22
-26.46
-1.78
-40.4
-29.81
-15.47
-24.01
-33.08
-26.81
-45.11
-21.26
-10.34
-47.35
5.61
-20.23
3.35
-5.54
-1.51
-12.65
-19.39
-10.64
-14.93
-32.62
-17.85
-20.56
-14.06
-35.63
-45.6
-13.7
-7.32
-10.77
-22.7
-25.39
-20.95
-1.86
-24.28
-35.57
-5.39
-40.27
-36.77
-42.84
-35.94
-16.43
-25.61
-9.43
-40.46
-13.23
-50.69
-49.75
-24.41
12.87
-36.6
-53.47
-33.76
-7.39
-12.18
-9.76
-11.88
-17.46
-45.6
-15.19
-15.23
-31.18
-45.86
-32.63
-37.9
-34.23
-33.19
7.73
-20.71
-43.66
15.1
-62.17
-21.37
-18.88
-17.25
-55.19
-37.96
-56.57
-39.54
-72.58
-65.36
-80.0
-72.45
-53.64
-71.46
-75.68
-58.25
-40.92
-62.94
-22.55
-51.43
-40.13
-3.78
-60.13
-17.05
-54.24
-19.88
-45.9
-41.02
-33.35
-29.38
-21.4
-47.55
-42.33
-12.98
-6.0
-9.68
-26.05
2.65
-12.19
-36.86
-56.16
-45.86
-41.91
-49.37
-52.32
-41.44
-36.96
-40.38
-49.21
-50.9
-51.59
-49.96
-54.37
-52.26
-55.68
-29.91
-38.13
-5.62
-8.33
-37.94
-19.9
-46.16
1.52
-14.48
-37.12
-57.02
-52.59
-39.1
-31.47
-32.19
9.69
-43.35
-27.05
-23.65
-26.68
-19.57
-32.55
-31.13
-17.28
-35.35
11.42
-36.13
-6.99
-35.78
-59.68
-26.41
-49.25
-20.07
-43.34
-47.28
-39.24
-56.72
-26.28
-22.23
-23.37
-46.54
-52.88
-38.35
-18.87
-20.5
-25.18
-3.89
-21.42
-30.48
-16.86
-15.95
-8.1
-38.68
-9.17
-6.32
-27.24
9.72
-7.92
-17.67
-48.57
-33.68
-10.27
-32.51
1.42
-26.99
-46.66
-28.91
-20.35
-12.91
-5.0
-22.49
-13.46
-51.08
-13.11
-7.06
4.25
-13.14
-17.8
-22.12
-5.51
22.45
-53.48
-25.84
-54.56
-36.11
-49.31
-45.01
-28.34
-34.47
-19.3
-0.3
-9.25
-7.14
-17.15
3.13
-18.52
6.12
-31.09
-13.87
-27.56
-24.03
-30.87
-30.26
26.62
-14.28
-4.05
-19.89
-36.1
-5.59
-47.36
-11.42
-10.84
-18.89
-27.76
-19.33
-11.18
-43.2
2.51
-36.84
-22.83
1.94
-29.28
6.69
-23.99
-31.39
-27.88
-23.94
-27.23
-33.79
-30.1
-22.5
-34.2
-30.26
13.57
-23.08
-7.65
-27.3
-4.0
-7.65
-48.15
-23.02
-19.58
-31.25
-19.72
-10.28
2.68
-24.85
-25.28
-18.29
-21.4
-4.13
-35.35
-19.09
-26.34
-20.15
-33.1
-54.39
-11.2
-27.95
-18.43
-12.74
9.66
-11.99
-5.21
-7.6
-24.14
-25.15
-10.94
-24.19
5.92
-13.15
-24.82
-18.35
-24.3
-11.68
-9.88
-34.16
-27.43
-31.9
9.07
-10.48
-7.83
-43.02
1.95
-29.12
-38.58
-14.29
6.46
-17.68
-14.3
-30.93
17.28
-31.86
-15.08
-49.5
-7.43
-39.82
-37.62
-29.95
-24.01
-45.58
-21.92
-24.12
-28.63
-23.79
4.04
-25.43
-12.57
16.79
-8.77
-7.63
-13.98
-28.27
-26.14
0.24
-53.96
-1.85
-17.39
-20.29
5.74
-16.0
-19.22
-40.91
-25.38
-6.69
-19.8
-23.56
8.65
-5.73
-34.92
-15.87
-8.23
-6.58
-32.27
-5.77
-6.29
-38.64
-13.03
-16.25
-20.99
-27.36
-40.15
-0.93
-12.34
-14.11
0.94
6.54
-15.98
-29.07
-24.88
-23.02
-20.85
-42.15
-48.15
-36.46
-6.48
-20.0
-5.56
-25.77
-45.76
-23.29
-43.8
-63.82
-66.54
-32.29
-60.11
-8.92
-18.29
-28.16
-60.87
-31.95
-31.62
-45.35
28.77
16.97
-20.86
-10.05
-8.64
16.88
-38.9
4.12
-15.54
-3.45
-19.98
-16.09
-38.17
-39.71
-47.45
-38.85
-10.22
-20.65
-22.27
-21.87
-17.57
-11.92
-3.5
-54.34
-35.84
-25.67
-23.27
-31.89
-25.31
-15.17
-26.87
-19.47
-46.92
-47.95
-27.92
-25.92
-40.52
-27.71
-30.69
-29.98
-21.85
22.78
-5.29
-7.85
-1.26
-11.47
-27.35
-11.25
-0.21
-44.67
-14.67
-28.66
-15.46
-18.81
-16.19
-17.67
-14.62
-23.67
-39.09
-36.7
-2.67
-25.68
-3.05
-0.37
-28.17
-1.19
-9.05
0.37
-46.64
-43.9
-8.66
-21.8
-55.27
-13.16
-0.68
-36.64
6.83
-27.68
-23.84
5.04
-20.93
-21.61
-27.86
-29.51
-5.84
-12.56
-18.14
-43.01
-14.12
-21.16
-38.11
-62.57
-75.85
-44.49
-23.05
-38.13
-31.64
-56.07
-38.72
-47.58
-40.2
-40.59
-40.88
-32.73
-41.99
-22.11
-45.09
-39.09
-47.97
-40.82
-23.9
-34.35
-39.18
-35.1
-27.14
-16.11
-11.53
-9.23
-20.66
-30.09
-6.54
-44.09
-44.33
-33.61
-25.12
-16.76
-12.22
-25.45
-45.1
-24.42
-23.06
-23.18
-7.43
-9.28
-6.93
-32.73
-37.41
8.62
5.55
-41.74
-45.21
-7.25
-50.24
-27.06
-36.99
-38.63
1.59
-49.57
-48.12
-14.07
-43.64
-63.99
-49.46
-42.59
-78.28
-31.24
-8.8
-15.88
-26.36
-40.87
-23.75
-34.16
-45.1
-57.44
-13.63
-15.72
2.53
-21.72
0.33
-32.72
-37.73
-33.13
-43.69
-22.11
-18.33
-2.55
-2.38
4.41
-26.88
-25.18
-42.88
-15.07
-32.77
-18.82
-18.52
-5.47
-18.91
-18.42
-16.1
-6.78
-46.94
-43.77
-31.53
-11.06
-19.11
-68.33
-177.86
-93.32
-26.52
-41.11
-22.93
-38.26
-23.53
-18.96
5.46
8.73
-21.72
-14.02
-3.57
-10.19
21.62
-1.1
-7.14
-12.8
-13.35
-24.75
-15.3
-44.81
-42.5
-30.05
20.15
-0.05
-30.1
-19.3
-10.12
-9.82
-14.88
-7.76
-25.7
-39.49
-29.73
-34.36
-18.67
-23.7
-24.63
-8.04
-18.67
-11.77
-6.92
-17.1
-21.44
1.47
-45.69
-19.19
-17.96
-12.34
-9.78
3.58
-0.68
2.58
5.05
-22.86
-35.4
-8.71
-1.32
-20.12
-10.24
-27.9
-16.12
1.45
-18.56
0.25
-12.94
-18.23
-17.47
-27.4
-15.77
10.55
-28.12
25.88
-20.93
-15.12
-1.74
-0.53
-39.92
-37.7
-49.2
-19.27
-11.23
-13.31
-32.29
-10.15
0.11
-25.01
-11.91
-8.94
-45.74
-38.59
-36.25
14.79
-31.56
-18.97
-12.98
-22.47
1.98
1.46
-19.95
-29.65
-26.65
-9.87
-9.03
-6.42
2.44
4.59
19.96
-23.12
-11.42
3.99
-31.52
-31.65
-19.17
27.45
-11.07
-29.7
-38.57
-125.4
-45.65
-27.37
-11.11
-14.5
-26.27
-26.46
-33.6
-12.87
-4.96
-6.69
-16.9
-25.38
-13.42
-13.95
-34.83
-19.53
-23.78
5.88
0.52
-29.39
-5.07
-6.42
-28.42
11.07
14.78
14.87
-7.01
-15.81
-6.94
-3.67
-21.81
-34.24
-31.03
-20.36
-22.2
-32.43
-19.66
-18.56
-25.34
-20.08
-49.42
-25.64
-11.0
-4.71
0.55
-8.94
-15.91
2.43
11.1
0.08
-15.43
34.43
0.84
15.82
3.04
9.97
-9.93
7.51
-8.4
-19.78
-14.0
0.55
12.79
6.62
-7.72
8.08
-31.79
-5.67
18.28
-16.84
-12.25
-0.15
17.12
-7.3
-36.08
-11.29
-19.06
0.81
-9.41
-18.82
9.72
2.33
-18.16
-20.24
14.05
-26.0
-27.12
-13.01
-21.46
0.79
-23.82
17.66
-0.94
-17.55
-6.03
-5.2
2.76
-17.06
-13.97
19.19
-12.53
-4.85
12.68
-4.47
-19.52
-47.48
-13.09
-17.08
-3.41
1.38
-20.63
-19.98
-7.92
2.6
-12.39
-41.25
-24.19
-17.9
-42.19
-10.76
-18.83
-17.53
13.29
-12.69
-5.61
-20.07
-26.91
-19.38
-28.47
5.07
-0.53
-9.18
5.94
-18.84
-13.6
-18.49
-46.71
-24.93
-1.19
-18.91
10.6
-28.09
-18.4
-12.94
12.42
-34.33
6.55
-4.8
-16.82
-20.17
-26.48
-28.38
-22.74
-20.05
-30.02
-9.17
-15.18
-11.85
-17.45
5.71
-8.69
-7.14
-33.88
-36.53
-39.3
-31.58
-11.06
-28.23
-14.26
-9.89
-15.17
-21.6
-4.03
-9.19
-19.36
-21.57
10.1
-0.68
-10.7
-7.12
13.37
-21.17
2.87
-10.76
24.08
-29.31
-5.09
0.58
-1.92
-21.83
4.47
-7.16
-2.77
14.56
-42.38
-10.41
-27.2
-33.31
-69.91
-44.27
0.69
-23.06
-39.31
-43.65
-32.13
-40.5
-21.08
-29.39
-12.21
-19.16
-0.57
-45.35
-39.82
2.24
5.08
-11.28
8.71
-19.57
12.17
3.74
-2.58
5.19
17.5
-5.51
14.3
18.7
-12.88
-1.28
3.43
-19.15
14.37
8.5
-22.16
-26.85
10.34
-35.72
-29.49
-15.42
-8.26
-9.0
21.49
-17.92
-1.42
-22.21
-15.45
-4.3
-1.52
-12.76
8.87
-20.25
-4.69
-4.02
-42.79
-31.14
-15.57
-26.86
-44.36
-26.22
-14.0
6.66
-44.82
-1.06
-45.27
-12.27
1.33
-29.84
3.97
-15.71
-7.17
-7.26
-12.3
-31.52
-19.12
-52.91
-24.04
-13.06
-13.68
-13.02
-3.14
-29.2
-25.62
-5.89
-27.85
7.48
-12.97
5.36
-42.09
-18.75
-5.54
-1.73
1.22
-21.7
11.74
-28.34
-10.45
-9.16
1.7
4.61
-6.97
-8.02
-12.13
4.3
-4.23
-36.37
-11.42
-4.48
-35.6
-20.57
-11.85
19.78
24.08
-16.71
-9.29
-38.87
-14.56
-14.46
-7.24
-17.24
-2.98
-11.93
-35.95
-35.9
-35.4
-19.17
-21.72
-36.79
-26.89
-12.49
-8.35
-12.14
-32.55
-7.82
-18.19
-23.19
-14.94
-16.18
-29.93
-32.29
-12.43
-21.49
-11.99
-8.9
5.93
10.36
-24.34
-26.93
-27.23
-2.29
-20.21
-31.38
-1.44
-24.77
-18.09
4.99
-6.16
8.5
4.97
-16.07
-8.88
-19.8
-28.78
-13.12
-17.65
-20.95
-19.44
-15.34
-33.49
-15.59
-24.08
-19.3
-42.33
-59.91
-24.19
2.46
-13.34
-28.46
4.68
-37.67
6.7
-33.15
0.23
-5.03
-15.4
-21.9
-19.84
-21.4
-17.49
-11.63
-22.79
-13.44
-41.37
-54.92
-25.54
-10.94
-18.92
-66.86
2.17
-31.5
-25.98
-5.88
-25.97
-7.61
-18.81
-30.44
-46.08
-25.08
-28.38
-28.05
-21.94
-9.54
1.94
-35.75
-19.72
-3.78
-26.9
-8.57
-3.53
-23.61
1.34
-14.98
-41.33
-3.55
-18.03
2.26
-4.55
-1.96
-7.99
-8.86
-34.38
-28.75
-12.78
-27.62
-21.97
-12.76
-9.21
-23.32
-29.45
15.7
-6.58
14.08
-30.06
-2.87
-21.92
-15.93
-13.96
-7.83
-15.53
-13.21
-31.07
-23.57
13.29
-7.57
5.98
-1.52
-8.79
-7.53
-13.33
-44.22
-22.41
4.31
-13.04
-0.88
6.74
-12.53
-11.43
-4.19
-14.06
-30.55
-20.43
-9.68
-33.7
10.31
-7.17
0.63
-24.61
-12.61
17.28
-0.66
-22.1
-20.15
-5.49
-1.96
-18.49
-32.11
-11.22
7.48
-6.38
-1.32
-0.12
-24.19
-13.2
-24.56
-10.67
-27.29
-26.46
-10.88
-28.04
-11.65
2.97
-1.98
9.26
-16.55
-20.38
-17.3
-74.99
21.56
-11.56
12.26
1.52
-11.46
-21.68
7.79
-20.86
-24.38
-15.58
17.65
-8.21
-23.34
-25.51
-18.55
-11.63
-33.71
-36.43
-21.36
-26.95
-3.05
-4.56
-25.03
7.77
-42.47
-28.97
-67.54
-26.7
-32.06
-58.69
-36.1
-45.07
-31.3
-10.79
-23.11
-17.31
1.65
1.41
-29.71
0.16
-51.9
-47.94
0.1
-52.21
-27.29
-47.25
-16.44
-46.92
4.0
-22.82
-10.68
-27.33
-6.23
-1.23
3.8
-1.91
7.16
-17.87
1.11
-21.81
-28.19
-7.08
-13.52
-44.07
-28.13
-54.92
-19.74
-18.62
-39.66
-23.55
-33.31
-16.84
-5.39
-9.13
-24.89
-9.52
-21.58
-26.84
-28.01
-36.19
-37.18
-10.89
-25.45
-46.88
-10.57
-36.52
-29.89
-27.08
-9.41
-2.54
0.24
-10.29
-27.91
12.6
-29.18
-23.35
11.88
-28.76
-7.44
-1.58
-14.17
4.58
-6.25
0.73
-24.14
-0.44
-32.33
-39.95
-12.62
-27.57
-26.22
-37.45
-25.02
-31.73
-35.03
-12.13
-49.42
-6.42
6.23
-7.88
-0.65
-28.69
-4.46
-11.99
-16.6
-33.19
-14.38
-12.97
-30.55
-23.05
-29.53
1.68
-6.64
20.66
5.15
21.15
21.6
-14.93
12.32
38.35
-28.15
-4.27
1.63
-14.32
0.9
-10.81
-5.4
-34.64
-17.11
-40.57
-18.43
4.79
-45.69
-35.05
-32.13
-26.06
-41.2
-11.04
-14.35
-37.83
-10.81
-5.97
-16.1
-32.09
-28.16
-13.69
12.72
-3.27
-9.06
-22.48
0.77
-0.67
-5.09
-33.01
-1.99
-19.11
-34.57
-2.07
-9.94
10.53
-41.99
-3.19
-14.37
-6.21
3.89
-10.6
-12.45
-42.82
-10.99
10.11
-20.97
-12.03
-46.69
-38.49
-17.29
-22.84
-2.11
18.03
-25.08
-28.07
-39.06
-17.2
-12.34
-37.75
-6.39
-34.48
-33.21
-26.74
-10.09
0.9
-11.14
3.41
-39.12
14.65
-17.43
-25.16
-22.14
-39.25
-10.75
-11.84
-18.38
-21.83
-22.14
-4.25
-27.56
-29.02
-49.43
-19.27
-17.03
-15.43
-19.15
17.7
-9.41
-12.77
-18.52
-26.49
-2.92
-16.79
2.36
9.47
-7.25
-32.42
1.91
-13.25
-2.73
-12.79
-9.53
-31.34
3.2
-2.59
-14.19
-17.04
-17.72
21.88
-22.72
-19.74
-20.6
-4.45
-17.24
0.38
-14.42
-12.11
-34.86
-6.04
-10.02
-22.77
-2.35
19.18
-39.93
-56.53
3.14
-20.68
1.95
-30.74
-7.38
-4.16
-0.99
-14.28
-28.98
-14.79
-7.36
-16.83
11.29
-13.63
-12.72
21.68
25.86
-9.67
-4.09
-15.26
-30.21
-16.0
-30.57
-32.38
-36.19
-31.29
-0.64
-22.42
-21.1
-32.07
-23.71
-14.93
5.17
2.43
-29.89
-23.28
-29.73
-17.68
-27.22
-21.51
-21.78
-71.5
-37.42
-32.87
-36.42
-30.25
-40.29
-9.07
-4.77
-24.97
-48.01
-31.17
-33.67
-36.63
-53.1
-18.97
3.93
-18.84
6.61
-6.98
-12.16
-24.13
-46.4
-46.57
-28.06
-39.52
-43.3
-15.97
-12.04
-27.5
-25.83
3.41
-15.43
-7.25
-7.68
-53.77
-38.26
-13.09
-36.82
-1.24
1.25
1.83
-7.53
-39.47
-11.61
-46.36
-27.91
-4.54
-37.15
-9.64
-31.54
-33.3
-14.27
-11.21
-8.79
-21.84
-35.25
-4.63
-7.27
-20.36
-3.76
-31.82
13.89
-28.28
-45.93
-26.28
-5.57
-9.61
6.25
-18.12
0.48
-36.95
-22.37
-20.82
-35.51
-2.9
-36.28
-18.64
-27.86
-36.7
-10.58
-2.11
-18.04
-26.92
-2.89
-8.34
-9.21
-2.59
-30.7
0.16
-23.03
-29.43
-42.03
-19.87
-30.64
-26.92
-19.51
-11.05
-22.49
-22.62
-11.36
-47.24
-26.94
-23.9
-25.06
-18.73
-7.45
9.71
16.4
-9.35
-16.87
5.96
-11.72
-4.07
7.67
-11.89
1.94
2.39
-31.24
-7.0
-18.8
18.15
-5.4
13.34
-0.16
-4.93
2.03
10.46
-20.5
-1.63
7.18
-4.44
-13.31
-12.33
-16.25
6.01
-12.98
-4.25
-14.83
1.92
2.85
1.44
3.44
9.36
0.09
-2.29
31.68
1.85
-6.99
-7.04
7.63
-9.94
-7.7
-27.34
-21.07
-19.2
-13.9
-29.85
-6.18
16.79
-15.91
55.03
4.82
-8.77
-18.81
-29.68
7.73
0.23
-6.99
-26.68
3.31
-1.03
-6.95
-19.55
-38.47
-6.85
5.86
8.85
-19.22
-11.82
-14.87
-4.88
-3.46
-17.81
-27.83
-20.27
-26.19
-7.84
-4.53
-36.29
-2.84
-20.12
-13.91
-20.79
-14.09
-12.81
-11.55
0.62
-32.07
-14.41
4.03
-47.71
-24.7
-2.51
-21.51
-23.91
4.79
-23.74
0.01
-39.44
-23.27
-21.92
-25.24
9.66
-24.78
-13.13
-32.2
-10.84
-3.59
-19.82
-20.13
4.93
-18.19
-16.39
11.73
-6.27
-22.16
22.16
-28.27
-3.92
0.9
-34.02
-27.8
-1.51
-12.82
12.63
12.95
-11.2
-34.4
-16.89
-7.42
7.19
-2.61
-19.85
-24.21
-11.39
-11.54
11.33
-5.22
-11.99
-11.98
-23.29
-10.41
-7.3
2.21
-13.04
-2.37
0.91
-12.58
8.66
-24.2
1.6
-6.99
15.62
3.68
17.77
-24.5
-28.41
-19.7
-17.4
5.58
13.92
8.09
-6.4
47.28
-10.36
-23.37
-14.41
-26.39
-39.37
7.73
17.19
-8.37
10.73
5.76
-8.98
1.78
10.37
-4.33
7.63
-3.57
39.77
-12.45
10.43
21.61
9.23
-9.98
-5.93
-4.63
11.25
-2.06
29.49
-5.99
-12.73
-19.0
15.77
-16.75
17.82
-11.94
0.19
15.72
1.93
4.12
0.68
11.6
1.56
-12.49
8.01
-14.33
3.91
-1.45
-2.18
-3.42
-6.18
20.75
21.91
2.25
-5.47
5.45
-8.7
20.4
13.35
18.21
-20.72
1.79
16.26
-3.05
0.51
1.31
24.13
3.77
3.95
21.95
9.36
1.59
-2.29
23.36
-17.06
-2.98
3.01
-15.28
-3.06
-1.63
10.48
-2.64
1.12
7.27
29.23
10.16
-21.0
11.75
32.87
-1.55
-1.15
27.8
3.52
-20.35
-2.3
-5.8
14.52
-1.08
-11.24
-0.16
5.07
8.39
-1.93
-3.77
-0.39
15.15
-4.98
0.43
-18.46
-19.59
-12.67
0.28
0.35
18.4
-16.27
-2.69
-10.13
-21.67
-13.46
-11.59
13.46
2.0
-11.71
-10.96
-41.23
2.92
-28.26
-46.38
-54.4
-53.48
-13.64
-59.73
-48.66
-23.68
-7.84
-0.96
26.86
-23.73
-8.16
-2.83
4.54
14.47
-25.75
17.39
6.18
21.2
30.7
10.65
-6.05
32.09
30.11
12.98
35.2
18.18
24.35
13.62
-14.58
18.52
-1.38
-22.31
-0.69
5.54
11.84
-8.78
36.46
1.93
-4.84
-1.83
34.33
-5.31
2.59
19.88
29.85
-1.23
29.68
-12.8
-14.71
-21.56
29.91
-6.08
17.21
19.65
8.57
23.89
0.41
29.34
6.24
11.57
-7.12
15.87
9.02
4.12
-17.38
24.85
11.0
-28.72
33.74
5.75
-0.5
14.7
27.48
27.19
6.86
39.82
-1.07
43.11
29.01
30.66
12.6
25.64
4.56
40.1
58.74
14.19
14.46
28.05
9.53
14.82
15.61
4.89
-13.47
22.74
30.32
9.95
17.87
20.98
34.17
11.09
33.78
37.42
5.13
36.05
1.5
12.79
15.69
-38.68
-29.8
-14.5
0.34
-3.35
13.53
13.43
23.73
50.43
4.81
7.51
27.17
-1.95
10.98
13.2
31.84
7.01
6.62
14.67
-11.01
-8.3
-0.82
5.16
1.41
41.21
30.76
25.17
4.35
-12.96
-3.2
7.11
22.5
44.59
24.07
5.32
18.95
13.81
20.2
7.88
-3.29
36.78
70.65
-10.15
15.01
-9.69
-1.96
-9.26
27.82
-3.67
21.55
1.57
14.42
27.66
23.0
19.29
-7.1
4.31
20.47
19.06
2.23
-5.87
13.77
20.88
-9.06
23.6
-6.19
5.46
20.35
28.7
-7.93
2.8
16.43
-8.01
1.15
6.6
28.06
19.18
-16.1
-26.74
2.15
-1.05
30.91
-23.31
-12.05
11.68
-27.31
-12.03
-38.05
-7.93
-18.43
-51.35
-15.61
-33.77
-26.24
3.44
-19.52
-11.65
-29.54
10.59
-26.73
-16.41
2.09
-16.48
-9.1
-13.45
3.25
7.5
-9.54
-26.2
-32.46
-30.82
8.17
-7.84
4.95
-7.87
-0.56
-3.68
-0.22
7.34
-23.71
-4.38
-23.18
-24.77
-20.86
-31.0
-7.17
-14.83
-16.02
-37.81
-2.53
-6.41
-5.19
4.67
-24.41
-19.96
10.5
-29.81
1.98
37.45
-2.13
19.13
32.66
9.17
31.2
45.5
38.82
17.0
12.25
-24.8
9.22
18.57
-1.14
38.74
-16.24
11.35
2.75
-7.75
25.92
-7.26
14.35
-32.46
-9.43
-21.37
-33.65
-3.13
-4.11
0.7
16.77
29.95
8.93
5.89
-6.26
5.32
11.93
7.88
17.03
1.07
19.0
8.44
-2.34
26.54
15.56
8.21
18.18
6.9
9.7
17.5
42.65
18.92
12.86
-8.16
35.55
22.21
38.88
-5.64
-0.2
-10.33
18.21
11.06
25.12
3.66
-5.51
-12.75
20.16
-32.45
2.67
-16.14
-2.48
2.04
-8.98
-11.4
9.99
11.08
51.93
29.78
1.03
1.27
9.91
23.68
25.36
-6.91
22.53
35.42
27.73
2.61
-1.08
13.22
27.88
21.39
15.32
-40.9
3.0
8.7
-22.33
-1.65
-9.57
-0.74
17.3
26.49
31.14
31.12
55.08
29.2
25.84
24.2
26.89
4.55
35.55
5.38
11.51
8.41
30.27
-10.98
16.43
-9.02
-1.13
4.91
-3.99
26.8
19.67
8.3
14.13
14.31
13.28
-8.1
18.76
36.92
3.64
-22.42
34.44
56.77
-15.39
14.21
3.75
38.27
22.63
-8.97
-4.74
-1.28
1.43
-11.81
44.94
18.68
28.62
32.51
23.99
32.1
12.84
16.26
35.23
11.74
22.55
48.7
38.28
44.47
31.73
61.42
37.5
33.14
27.1
45.38
41.45
32.73
31.82
33.05
28.6
26.07
21.96
54.95
-0.05
41.94
18.35
30.5
22.14
24.94
25.72
32.72
40.64
38.93
20.24
16.66
5.15
10.92
21.67
33.84
34.03
24.63
22.18
28.45
52.08
2.69
28.69
18.48
-0.63
45.38
23.32
50.15
27.13
22.62
6.39
15.32
20.75
26.4
26.3
-3.27
25.24
12.13
22.96
4.32
49.21
36.19
21.85
15.13
15.32
35.18
19.01
10.74
3.16
22.61
4.09
19.64
-0.64
11.31
47.41
-8.52
23.41
39.8
26.35
43.85
5.55
15.1
6.86
18.09
13.44
2.96
34.84
16.34
-3.11
12.91
18.31
29.66
7.58
-3.67
24.01
3.0
4.1
21.92
-2.72
-1.84
-7.74
-14.15
-4.48
13.45
15.29
19.07
-7.08
15.57
5.06
22.55
20.98
25.83
41.84
15.76
22.27
22.68
49.97
31.14
56.69
1.82
23.97
33.71
29.21
11.01
42.13
28.96
0.43
-3.22
7.58
-14.22
-8.89
10.76
19.1
49.07
35.61
40.73
34.34
56.82
19.73
78.32
70.72
54.62
59.91
17.65
51.48
40.92
30.71
30.32
39.88
38.65
17.58
40.08
47.44
64.52
42.87
25.74
10.82
35.86
9.3
27.28
-7.63
22.43
39.38
34.38
32.11
29.78
3.44
37.85
10.71
6.53
22.66
10.51
10.95
10.84
45.35
-16.23
-2.75
5.32
16.1
25.12
-6.45
-14.39
7.6
3.25
27.0
15.53
26.21
6.63
1.13
14.63
19.42
6.97
9.55
-2.78
20.48
10.1
8.42
-11.63
12.27
-23.31
-18.98
8.54
19.13
7.17
-7.59
21.86
-3.16
14.98
3.6
22.25
23.79
-21.29
0.67
-5.81
18.87
-8.51
7.48
-12.84
-9.69
-14.91
-11.2
-10.68
-37.46
15.09
4.48
1.03
20.62
1.53
-12.45
-7.24
1.6
-5.78
6.86
-3.67
15.29
14.07
-5.05
-10.37
-7.08
-6.11
4.46
-22.97
7.39
-12.99
-23.97
-32.9
5.92
-1.18
-31.12
-56.55
-36.86
-15.33
-14.47
-5.41
-34.46
-15.18
-19.63
4.44
-24.5
-0.54
3.65
-18.01
-3.87
0.08
-22.73
-17.47
-5.03
-1.27
-17.19
3.92
-12.87
0.42
-11.75
-10.43
-1.94
-1.8
-15.84
8.67
10.28
-32.71
7.57
21.65
-25.35
14.24
-11.82
-15.94
6.07
-13.59
16.18
-14.16
39.98
-3.2
-6.32
-1.69
-14.43
3.67
-18.05
-17.09
-4.82
-33.79
7.53
-20.96
-12.26
-3.31
-29.07
-25.45
-10.86
-21.89
-19.91
17.29
8.47
-7.13
-10.85
-25.67
-17.41
-21.08
7.8
21.08
-18.08
-7.76
-13.41
20.76
13.27
-14.52
0.7
-14.31
-24.36
-5.83
-37.3
0.85
23.15
-6.77
-6.76
-10.69
-3.24
-0.52
-12.69
9.46
-11.69
-27.25
-3.15
0.11
-13.33
5.5
-11.27
27.57
-8.83
1.11
11.7
0.91
4.42
1.97
-13.37
-21.61
-2.94
-6.3
-4.63
8.11
-13.38
0.99
-14.22
-9.67
-40.38
14.84
14.05
-6.9
18.56
-4.31
-0.54
-17.99
-6.14
-19.21
2.41
4.52
7.9
-32.55
-0.91
0.28
-25.83
-17.52
-14.75
-26.17
-28.25
-41.95
-6.02
-19.45
-11.85
15.56
0.33
25.88
11.14
6.81
10.7
2.28
-1.68
11.57
-0.7
-22.63
-5.72
-13.98
-13.08
0.8
-11.52
-4.38
-15.72
-10.72
1.94
3.13
-2.21
-3.12
22.18
-6.49
-0.92
-22.73
-1.31
-22.72
-5.22
-33.04
-24.66
-18.12
2.35
-25.56
-21.59
-42.07
-45.34
-47.02
4.48
-9.0
-11.4
-11.11
-51.85
-29.34
-25.2
-9.68
-23.65
-21.03
-22.31
0.33
-5.72
5.74
4.39
-10.34
-4.12
-17.7
-44.21
-3.13
3.28
13.49
-6.77
5.22
0.01
-27.99
8.96
-5.15
-14.64
-47.51
-35.32
-14.17
16.92
5.58
7.29
-15.83
-13.57
-19.17
-14.11
-31.76
10.7
13.34
-12.42
4.33
-13.47
25.78
0.47
-13.78
-21.02
4.83
5.96
-25.59
10.13
-22.6
0.72
-19.86
-8.83
3.07
-16.93
-20.24
9.17
-8.55
23.37
-4.81
-12.9
-14.71
-8.89
12.07
5.13
5.36
-26.5
3.22
-26.88
2.14
35.13
-36.0
-25.7
-32.51
-22.6
-17.53
-11.08
22.28
-3.71
-24.02
-32.05
-23.13
-16.57
-56.21
-3.84
-5.94
19.53
-12.8
-5.14
-0.43
1.24
-27.5
5.73
-9.14
-8.63
-29.92
-7.91
-0.83
-18.41
-11.86
-5.03
-3.23
-29.7
0.68
-12.25
-30.86
-23.68
4.54
-28.04
5.38
-11.34
-16.49
-2.98
7.36
4.21
-18.85
-32.91
5.27
-6.63
-18.43
-22.16
-22.14
1.83
-38.03
-22.59
12.4
2.71
-4.24
-0.43
-8.44
6.44
-10.22
-15.1
-10.43
-0.95
-12.79
0.46
14.71
-16.21
-13.81
-6.39
-21.51
-15.52
-22.78
-10.55
-7.43
-8.59
6.17
-21.41
1.61
9.47
-0.98
7.38
0.31
-0.1
0.45
-15.33
-3.25
6.24
-21.88
20.63
10.12
-9.87
-15.41
10.32
-0.54
-15.42
-33.88
-2.52
4.25
-2.75
-15.0
2.16
13.81
-6.11
11.44
17.72
-5.54
-6.05
-9.5
-18.52
6.5
11.77
-17.73
-14.1
-46.73
-15.3
-12.88
-7.8
-17.88
-11.19
17.64
-9.74
-7.0
-10.71
-8.93
-3.71
7.46
-21.81
24.31
-4.98
-7.91
-16.81
-7.99
-10.14
-11.2
-0.47
-16.86
-8.08
-22.91
8.56
9.77
-8.02
0.37
-1.6
21.1
8.26
1.45
1.51
1.62
-30.09
2.45
-25.55
-40.23
-14.52
-15.85
-8.33
-6.15
-15.79
-5.74
17.47
-16.45
-1.96
-9.12
-9.67
-3.97
-26.13
-10.8
-11.88
-40.01
-4.72
8.56
-13.82
-10.63
-20.45
-6.01
-2.57
-5.38
-6.99
-23.51
-2.16
-19.15
-3.27
-9.51
1.56
8.81
-30.97
-24.37
-9.23
-25.36
-16.55
19.38
-6.85
-30.05
-31.72
1.7
-29.39
0.18
-26.55
-11.42
11.71
-22.98
-7.37
-23.25
-7.1
-11.15
-12.23
16.26
-40.06
7.52
0.62
-38.34
-30.53
-13.7
-25.15
-1.79
2.29
-19.74
-8.2
2.76
-2.43
-18.04
9.09
-19.9
-2.92
17.36
-16.55
-12.85
-10.98
-10.73
-7.28
-7.12
-21.56
-2.91
-17.0
-4.72
2.95
18.43
-6.21
18.26
-28.92
-33.73
-10.79
10.84
-17.5
-19.38
-23.86
-5.0
7.32
-11.34
-10.14
-8.6
10.96
17.29
-20.48
-16.07
14.97
-9.9
-20.54
11.62
9.57
-8.45
-16.56
0.78
-8.33
-9.91
7.81
-3.31
-28.14
1.1
-21.72
-8.14
-0.95
-10.47
-15.84
9.39
13.82
-20.67
-7.58
-8.74
2.52
7.46
-2.47
4.96
-1.4
-23.87
-12.13
-7.6
-4.47
-33.4
-22.49
9.13
0.83
-22.61
-7.31
5.57
-14.41
15.86
-16.44
8.33
8.88
-3.51
-19.17
-20.25
-9.15
17.23
4.8
-16.6
-16.58
-44.3
-13.15
-4.72
-21.18
-1.08
14.01
-35.04
8.47
8.83
6.6
-22.44
-28.41
-18.21
-22.32
-38.9
-43.67
-4.32
-9.75
-4.67
-4.31
-8.66
-19.03
-16.36
-37.32
-35.53
-11.39
-26.61
-7.26
-19.53
-19.49
-24.39
-28.84
-38.26
-20.74
-26.32
-1.99
1.9
-0.3
-17.21
-31.0
-43.17
-46.07
-28.14
-15.59
-28.75
-32.05
-35.04
-12.42
-37.38
-48.94
-25.78
-22.54
-28.03
-38.68
-19.13
-17.09
-24.82
3.04
3.04
-2.82
-17.74
-43.04
21.0
-24.18
-9.21
-26.49
-24.63
4.89
-21.63
-21.46
-26.45
-43.89
-28.06
-43.04
-31.84
-21.48
-18.87
-34.81
-16.33
-24.6
-0.87
-34.28
-21.28
-63.04
-13.06
-22.67
-21.17
-21.73
-17.03
2.78
-13.15
-13.5
-3.26
-6.99
-12.71
3.51
-10.17
7.6
-5.34
-24.01
-25.97
-2.85
-26.13
-17.56
6.41
-17.77
-16.3
-12.13
-9.05
-25.33
-36.32
-26.75
9.38
-28.4
-18.16
-1.55
4.88
8.29
18.49
-10.74
-1.57
-25.43
-18.99
-12.93
-0.02
-38.9
-2.63
-11.07
-16.59
8.6
-12.55
-32.64
-13.67
-2.77
-10.52
10.4
-10.07
-40.19
-16.52
-12.1
-19.96
-13.97
-14.99
-4.79
10.55
-7.18
-8.74
-10.32
19.81
8.25
-26.83
5.24
-2.27
5.71
21.4
-0.84
-7.46
-37.25
-9.42
5.09
8.82
9.07
-1.73
-7.24
-9.26
-5.93
-34.61
-36.59
-29.05
11.88
-15.34
-0.47
-27.21
-7.14
1.62
24.38
-20.67
-3.92
-6.2
-12.18
-16.47
10.24
0.96
0.11
-15.33
5.83
-22.26
-19.14
-12.19
-9.22
5.03
-10.83
17.91
-4.33
-0.26
-1.0
-16.51
16.72
1.59
-7.0
-20.2
12.89
-12.89
17.08
1.44
1.0
2.58
13.83
17.06
-32.07
-10.71
-19.97
-17.87
8.99
-1.07
-9.82
-3.08
24.85
31.43
-2.11
-3.46
15.98
8.75
6.62
9.58
5.81
7.79
7.35
-14.92
-19.52
23.64
15.78
-1.22
-23.43
-14.65
-12.39
-26.51
-4.25
-10.97
9.57
-6.82
-4.8
31.76
20.57
-6.2
-0.8
21.62
-6.39
0.54
8.1
15.17
-6.35
-6.73
-11.63
11.03
11.13
-26.7
-1.55
14.43
-12.87
18.98
6.18
-10.13
-15.69
-10.44
15.79
-17.89
10.9
2.02
0.01
3.94
-16.67
-12.11
9.69
-8.36
2.63
-11.15
11.73
9.94
3.19
-1.58
14.46
-24.8
-14.99
-14.93
0.05
3.36
-10.26
14.57
-4.63
8.08
16.38
-13.81
21.35
-1.87
24.61
-1.97
10.69
6.25
-15.51
10.7
-1.22
22.05
3.42
-12.63
14.03
-4.6
25.55
-0.95
9.16
-5.64
-6.23
10.0
14.11
-2.61
-0.99
-16.78
-0.01
5.89
-0.77
-42.5
-34.6
-23.57
-6.16
5.37
0.84
-26.36
-34.96
-8.6
-4.96
-13.16
-9.6
-10.62
1.48
7.61
27.49
-2.93
12.74
34.04
2.09
-5.05
-0.55
14.73
-19.06
-25.65
7.68
-14.61
1.11
-32.08
-13.61
-27.29
5.53
5.82
-20.75
15.0
-10.85
-10.44
2.62
-0.82
-14.48
9.36
8.33
12.47
4.02
14.9
0.68
-8.92
15.12
-12.62
12.93
15.29
-11.51
26.53
34.71
12.43
-5.82
41.6
-1.42
14.89
6.83
27.65
6.79
16.11
23.39
14.61
26.04
13.66
5.89
7.59
39.2
7.13
9.15
54.93
15.46
11.7
12.17
44.72
14.09
18.67
-0.49
36.87
19.76
-5.96
12.25
8.32
8.09
17.53
27.66
30.36
25.52
16.18
14.45
5.09
6.33
-28.31
0.11
-8.73
20.82
-2.01
25.09
24.61
-31.07
-31.95
-21.72
-2.53
-26.85
1.62
-1.61
-9.71
-0.08
-31.94
-44.37
0.5
8.99
23.78
22.43
9.36
32.7
24.83
34.39
25.61
8.5
30.62
10.08
7.7
-11.73
13.3
6.8
12.44
26.61
16.5
8.3
28.83
37.17
18.96
8.66
-0.99
24.06
8.38
33.03
-15.85
-1.33
7.27
-21.0
-4.33
0.71
-8.49
1.12
25.97
-25.97
9.96
-29.29
-1.5
-26.0
-17.56
8.17
4.11
-18.74
-14.69
0.59
-9.7
15.56
26.72
23.95
-22.33
11.15
2.93
3.99
-2.2
-5.82
4.38
-11.38
-24.98
-21.68
-23.04
-5.82
-4.54
12.76
-2.99
-16.55
6.96
4.35
8.18
-4.03
6.81
-41.07
-4.4
-36.95
-7.72
-1.08
2.64
-18.19
-34.46
0.61
-2.83
16.23
7.31
11.65
-3.87
15.3
18.74
9.77
19.08
7.06
-5.02
-0.39
44.14
5.05
3.95
24.1
-5.67
21.81
3.18
9.04
-12.12
13.2
23.39
13.77
-0.07
-9.11
17.47
-18.52
-0.89
-28.25
-5.22
-4.42
-23.48
-16.62
10.63
-17.94
-6.03
-18.97
-32.96
-13.84
1.53
-2.67
-10.75
15.23
-13.61
11.73
-5.9
-1.35
-19.04
5.19
0.5
-4.89
-28.73
-28.17
-36.8
3.83
-23.91
-7.72
17.92
-15.1
-10.14
0.59
-21.53
-20.59
-5.63
-24.16
-13.68
10.27
-5.27
13.76
-13.71
12.93
15.43
23.45
-21.83
-11.68
-12.97
-0.64
-10.37
3.9
8.48
-19.24
-1.21
9.16
9.61
22.4
17.74
9.3
-12.35
-10.38
5.79
19.19
2.49
6.57
8.64
19.69
22.84
-15.12
24.63
6.01
44.08
44.24
41.12
10.53
33.89
14.83
56.32
27.74
27.95
33.04
5.55
0.51
0.85
-10.96
11.38
39.95
17.9
29.05
30.95
20.29
23.52
10.93
-4.6
-1.12
-0.24
3.52
-45.07
-17.33
-4.72
-12.89
12.36
14.42
-16.26
1.56
-14.56
-16.6
7.86
-2.45
-22.04
8.96
17.08
21.08
12.66
29.29
64.39
21.44
43.47
13.03
17.89
20.96
37.19
64.42
2.43
18.45
22.95
45.3
18.0
15.77
25.87
30.76
24.15
46.01
49.19
4.83
28.37
20.44
27.44
9.99
15.77
26.4
12.52
38.16
14.65
-7.3
23.86
-1.21
12.58
8.91
20.27
11.3
14.49
27.67
21.1
-0.96
-13.99
15.56
2.64
-10.69
-20.23
-5.19
3.82
3.08
-9.92
-0.71
13.36
6.47
-31.23
2.6
-18.53
-7.32
-5.3
-6.6
1.99
4.81
-6.31
-0.32
4.11
1.04
0.09
0.91
-6.82
-29.14
-12.64
0.28
6.49
-6.51
-12.17
-25.33
-13.98
-7.35
4.31
-19.94
4.23
0.84
-3.57
-13.11
13.95
-17.85
1.14
9.95
-31.97
-10.22
21.25
-3.82
-18.93
-32.91
-24.82
-13.14
-14.52
-16.03
-22.0
-50.43
-26.68
8.36
11.24
-32.88
9.54
-8.9
-18.27
-2.25
-11.69
15.71
-18.24
1.86
13.77
9.25
10.62
-7.18
-10.53
-10.74
10.97
-56.03
-27.61
-5.17
-16.07
4.79
-14.51
-5.06
-20.85
-0.24
-8.62
28.71
8.59
23.31
-10.08
8.28
39.43
46.35
40.07
32.35
10.49
46.48
25.07
22.65
49.51
53.19
23.15
37.41
27.35
27.03
15.95
-4.2
10.09
34.01
21.59
9.38
46.94
14.3
10.1
25.97
23.88
3.28
16.74
-5.35
20.02
9.06
-1.41
-21.04
48.43
11.61
-16.87
-0.92
34.45
40.89
8.05
3.55
2.8
22.22
15.47
-2.49
8.99
-5.9
-10.26
-3.98
-7.59
-4.64
42.91
-13.17
-2.15
-1.39
-12.18
11.49
4.48
3.11
21.66
2.97
3.27
1.07
3.45
6.6
-24.62
-5.14
27.61
1.44
-16.34
-8.8
-29.85
-13.62
3.64
14.62
-2.18
0.91
-24.02
-6.83
8.35
-30.46
6.88
3.77
10.94
24.76
-6.8
-19.62
1.77
-21.32
-1.04
-10.72
-8.69
-17.28
-6.31
-0.49
1.09
19.62
17.8
6.96
31.68
15.39
-0.53
-12.73
-6.89
-3.64
-2.11
11.33
4.15
-0.45
-5.38
17.82
10.19
-17.67
5.64
6.82
15.86
-3.43
-8.36
-3.21
-29.72
11.0
-17.19
20.04
29.38
-9.32
5.33
16.87
-26.62
-7.23
-0.16
2.48
16.64
-23.3
-0.72
1.79
10.68
-3.57
-7.04
-22.61
-39.97
1.56
-38.15
-54.98
-28.75
-5.92
22.2
14.24
7.64
13.43
-23.14
12.03
1.76
0.4
-2.25
2.96
35.73
4.49
10.78
-3.68
15.63
11.54
43.53
18.76
39.55
19.93
14.06
21.7
33.26
17.34
-20.02
6.35
-2.69
21.11
15.37
8.8
16.17
22.18
13.99
-10.5
-1.68
-14.16
-15.0
16.64
-6.77
6.22
11.13
17.89
26.65
23.77
16.69
25.14
34.21
-7.61
-13.52
-11.57
10.18
28.44
5.52
-4.91
-9.24
-8.68
-18.0
-28.51
20.17
-13.89
5.1
6.89
2.43
-31.91
13.49
-4.32
7.72
-22.7
2.33
-22.99
-22.4
-14.75
-16.47
-22.65
-35.13
-12.33
-2.04
4.82
-28.09
-33.45
-22.97
-1.7
-30.71
-19.13
-58.23
-27.37
-31.89
-11.1
-16.42
-1.95
-15.26
-7.22
6.06
-9.08
-29.54
-17.72
6.37
-15.86
-44.74
-34.27
-16.2
-23.44
-52.67
9.43
-5.54
-24.5
8.92
2.98
-13.85
-29.29
1.37
-11.56
-7.75
-12.22
-10.68
-0.05
-27.62
-5.32
-15.84
-32.6
-40.4
-22.19
0.6
-6.66
13.88
-16.24
-3.09
-45.71
-16.91
-20.67
-6.61
-3.58
-12.72
-9.11
-11.34
-0.62
-15.17
-18.19
-4.35
-30.81
-25.41
-41.83
0.56
-14.54
-6.65
0.43
-1.92
19.29
-14.72
3.1
-2.5
-19.12
25.9
-6.3
0.74
-14.27
-12.63
10.94
5.78
-28.75
-28.39
-5.28
-2.39
-6.93
-24.02
-25.7
-10.88
-14.55
11.41
-1.05
-1.26
-26.35
-6.51
-2.0
-27.49
-16.74
-17.0
-23.89
-8.5
-38.75
-2.83
-6.19
-1.6
-3.84
2.0
-27.26
3.76
-5.22
-18.04
2.37
8.94
-26.07
-2.03
-3.96
17.66
-7.14
-23.65
-35.16
-38.69
-21.35
-25.79
-22.37
-4.31
-19.02
-55.14
13.62
-14.3
-29.61
-18.05
-8.53
-26.5
-27.39
-18.45
-0.99
2.75
1.06
-18.59
3.03
-2.15
-15.43
-7.77
-2.7
-3.55
-28.06
-7.8
-28.85
-9.75
2.89
-13.59
-35.7
-34.47
-33.83
-17.66
-6.07
-3.43
-22.4
-17.13
-35.06
-4.78
-2.58
-31.78
-11.21
-6.9
3.98
-10.41
-17.42
2.6
-11.32
-25.58
-4.1
-20.89
-18.18
-10.66
-12.76
-2.18
-6.18
7.51
-19.22
2.2
11.84
-18.8
-7.14
-6.35
-6.22
-12.36
-8.54
-27.74
6.14
-7.85
9.42
-27.24
-2.37
-31.08
-5.57
-12.01
12.49
-35.44
-6.34
23.04
-17.7
-6.55
-3.33
-11.77
-2.37
25.72
-29.66
16.49
-10.05
5.45
5.4
-6.51
4.39
17.13
-3.37
6.87
4.71
-6.8
-17.04
-16.26
7.94
-1.2
-11.96
-21.59
-25.09
13.0
-13.72
-3.08
-2.86
19.27
-8.64
-8.18
-21.52
-24.65
-10.1
-36.83
-15.27
-19.01
-12.21
7.69
9.55
-1.45
-1.96
7.3
-18.23
-1.85
-18.88
-16.27
-4.99
-15.68
1.14
0.79
-27.46
15.44
-4.04
-3.66
-34.02
-19.2
3.46
-22.35
0.56
-25.51
-8.54
-12.09
-38.74
0.74
16.72
-2.37
5.97
3.24
-7.85
5.81
26.42
4.24
-1.2
-7.26
14.34
5.29
-31.64
11.88
-6.68
-21.17
-2.56
-36.27
-2.11
-7.23
3.49
-3.89
-20.27
-29.97
-19.48
-11.92
-3.45
-15.56
-6.84
-40.63
-0.49
-21.45
-18.78
-6.01
-14.83
-26.52
-15.45
-22.63
-27.88
-17.37
-14.59
-30.5
-13.81
-9.67
-5.82
7.95
-9.55
8.35
-34.41
-6.06
-13.97
4.31
-15.44
-12.46
-29.38
-17.43
2.61
-15.64
-4.4
-34.67
-5.53
-3.88
-22.57
2.04
-9.86
-7.15
1.88
1.83
-3.37
7.31
-8.6
-14.85
-11.3
-25.62
-26.34
-2.45
-5.73
-41.01
7.52
-10.56
-7.17
-8.69
-31.61
0.75
-23.72
5.38
-3.92
7.91
0.02
1.66
-13.48
1.74
7.53
14.27
-12.75
-23.88
-27.28
-9.78
-32.81
-30.88
3.53
-40.43
-20.87
-32.34
-22.99
-35.43
-27.81
-0.31
19.99
-9.66
9.73
4.87
19.18
26.02
-20.82
9.05
14.17
10.77
-14.03
-0.87
-1.2
12.67
-4.16
0.38
10.88
8.58
-0.53
17.02
25.58
15.22
-3.75
14.4
14.13
-12.52
8.39
1.02
-4.87
-4.87
8.73
11.72
-4.28
-33.85
31.61
28.28
21.35
-3.61
-1.28
14.29
9.8
9.11
16.68
-27.81
0.66
0.73
18.04
18.04
-13.67
6.56
15.25
3.36
20.23
1.62
12.63
-25.72
-6.14
9.1
-3.1
-52.37
17.27
-10.12
-13.89
6.03
12.39
-13.79
1.23
-11.23
7.05
-22.6
-2.81
-15.85
-37.92
-6.92
5.51
0.8
-18.55
-13.63
-14.27
-0.11
-40.01
-10.99
3.35
20.28
-10.65
28.75
3.9
-7.6
9.69
-23.49
13.34
15.79
-2.37
5.98
-15.14
-3.39
-3.56
-0.65
-6.57
-27.69
-20.09
26.92
13.7
-12.3
-13.83
-13.01
-3.98
-5.98
-22.03
14.53
-23.57
3.7
-27.33
-5.57
-13.83
-11.89
-3.89
5.93
-21.94
-7.59
-8.37
23.14
12.62
-35.16
7.28
14.21
2.8
-10.17
-18.25
-19.46
-13.62
9.71
9.77
-1.8
26.94
5.67
2.34
-11.48
15.35
-14.57
-12.53
9.1
-41.48
-20.84
6.52
9.75
-15.39
21.55
30.68
16.63
6.84
-13.37
7.38
1.95
2.44
13.51
9.04
-13.61
6.57
3.78
14.75
3.28
26.05
19.96
-3.72
22.8
18.33
-11.73
-26.44
25.73
12.75
21.64
9.87
-15.9
-9.27
13.58
-20.49
1.8
-6.64
7.71
1.25
12.1
-1.44
13.12
4.35
-0.49
-1.56
-8.33
2.58
-9.07
-27.64
6.43
7.49
-13.5
-12.68
-16.81
-14.01
-16.58
-12.97
-17.31
17.11
1.01
11.3
27.52
-1.67
10.0
5.06
8.73
-8.88
7.82
-6.73
14.76
-0.33
12.66
47.93
52.78
15.95
8.89
7.19
44.99
38.83
29.34
59.88
33.36
32.03
48.57
19.47
19.74
16.59
-2.08
7.05
17.06
31.41
-3.52
30.23
7.72
-22.73
29.29
12.22
3.01
39.5
30.9
37.21
60.85
54.04
61.51
40.15
32.36
0.92
4.18
38.91
24.95
1.05
5.83
-0.28
14.16
35.54
9.68
-3.32
25.18
27.98
16.68
14.03
4.93
0.32
32.3
-5.64
20.48
2.14
29.61
22.67
-3.72
0.81
18.06
6.17
-35.0
-2.61
-23.58
23.65
4.3
1.47
-1.41
12.11
4.9
11.46
-23.75
-19.29
13.67
-11.65
11.99
17.66
5.23
5.75
-9.9
-8.05
23.46
7.38
-2.56
-5.96
15.58
-6.13
-0.77
3.19
-27.84
-30.18
1.6
5.45
0.22
45.33
-19.88
3.97
-8.05
26.12
2.55
-1.17
-6.61
-31.27
-19.65
-10.59
-1.01
-3.75
27.31
18.12
14.28
-11.38
20.01
24.61
-18.14
12.86
-3.92
-0.72
-0.79
10.04
-3.39
-9.24
-7.02
-0.36
21.6
5.82
14.46
8.1
6.82
9.34
6.96
-5.35
5.48
-4.97
5.6
-1.7
28.26
-6.24
-15.4
-10.35
14.84
-26.56
-8.38
18.27
40.7
-22.87
12.0
-0.28
17.6
13.34
-22.5
15.31
0.94
10.74
19.8
19.5
-20.71
26.0
8.29
11.44
-15.37
9.9
6.03
-2.9
-8.24
-6.35
-3.22
-2.8
13.23
6.23
13.51
16.93
-4.45
-25.67
-8.81
10.63
15.43
-40.19
0.97
-5.97
-20.47
-5.64
6.38
4.76
19.33
4.71
-19.59
-14.48
-17.5
16.42
-20.13
3.42
-15.15
19.84
-7.7
4.95
26.13
7.31
-24.88
-6.1
3.56
-6.5
0.7
-2.25
-2.56
-28.38
29.19
2.55
11.17
-30.02
8.46
23.36
23.1
16.44
36.44
45.31
55.23
59.36
66.17
24.94
20.42
40.4
17.09
6.39
22.34
28.61
10.43
26.56
35.91
1.11
28.37
12.57
8.3
27.91
-4.27
12.87
9.09
24.08
5.43
-1.01
13.85
49.82
7.42
15.44
21.88
10.94
15.33
31.54
7.2
20.94
15.32
26.48
17.97
47.51
30.99
4.83
27.35
23.12
43.79
62.08
25.85
44.46
64.03
37.58
45.0
21.7
46.07
37.1
22.71
33.87
19.55
41.97
47.15
19.99
-2.72
42.93
41.59
32.57
27.72
40.24
53.49
43.8
26.08
31.89
34.1
37.04
30.66
35.81
-4.22
5.67
11.03
6.21
-3.3
7.96
8.98
-9.41
24.37
21.29
28.47
-1.01
30.62
3.84
17.3
0.75
14.11
19.98
24.32
8.6
-18.47
16.3
-25.64
-8.47
-12.87
-16.19
-30.2
5.11
7.77
24.68
4.2
7.88
6.92
-5.66
-1.09
-9.93
-1.12
14.7
14.34
14.58
16.01
-14.01
23.62
11.51
8.65
30.87
12.3
-6.43
10.85
18.14
29.18
19.2
6.42
6.93
18.49
6.53
-25.96
-4.37
8.69
-17.4
-6.72
24.53
-6.11
-1.19
-4.94
-20.91
-10.03
17.76
6.94
24.75
9.12
9.05
29.53
2.57
-13.23
-18.51
4.32
14.59
2.1
14.58
6.86
14.61
1.54
19.01
31.65
14.39
24.52
-2.83
14.4
10.14
1.35
1.56
35.44
39.8
-1.1
20.88
30.01
-14.51
56.4
33.92
46.33
-24.76
-8.37
13.5
37.39
27.44
23.7
40.07
11.6
24.24
39.46
20.54
4.62
16.38
-6.17
6.33
28.64
-8.21
36.84
31.83
3.48
42.51
30.22
24.89
25.53
19.11
0.4
-2.84
32.13
-1.56
-12.39
-4.17
22.09
15.12
8.43
26.2
15.96
42.72
32.22
24.46
40.19
50.04
22.79
26.19
34.77
30.14
35.62
2.25
52.51
21.86
43.75
46.9
38.81
-33.02
-12.76
7.0
-2.4
5.97
21.99
22.65
34.03
36.78
32.24
31.95
36.1
17.42
55.1
54.71
49.66
31.19
27.85
23.46
27.06
46.1
26.95
20.53
34.95
32.88
8.7
5.87
20.51
19.73
48.23
27.84
-0.58
8.11
6.58
3.29
23.6
12.22
25.03
27.76
22.58
24.4
21.11
21.84
31.29
25.04
22.73
7.07
39.45
56.81
30.79
19.09
38.49
29.48
14.38
-13.49
2.61
17.96
-32.6
3.89
0.43
-4.17
4.73
13.93
5.92
-5.51
5.36
17.16
5.18
9.13
20.51
29.8
-2.8
10.43
6.2
4.63
-24.83
-13.02
-10.87
-1.61
0.75
-2.93
22.39
-7.52
-28.84
-10.03
-4.22
-20.58
-3.98
-15.42
-28.13
11.14
13.65
-22.62
3.15
-9.26
18.99
-18.24
14.72
12.55
5.14
-25.6
10.61
-2.98
2.33
21.14
18.36
-33.04
-11.77
18.34
6.57
9.37
-9.94
-4.3
-5.19
1.47
-2.4
-26.63
-10.63
-6.65
-5.46
-3.67
10.84
8.64
5.69
9.94
-3.61
-9.84
4.17
27.51
-14.92
10.88
-16.84
-16.38
-1.05
-16.53
-9.62
-17.72
-24.74
-36.27
-16.02
-15.43
-15.28
-17.72
-13.5
-6.42
-5.08
11.25
-14.84
1.58
8.91
16.23
9.24
9.58
-0.46
3.19
7.85
19.09
9.6
-3.8
-4.91
-20.23
2.54
29.84
-7.04
15.27
3.38
26.49
-17.89
8.59
6.4
-3.62
24.0
14.79
41.61
26.53
63.0
46.97
41.34
49.83
20.85
23.57
41.99
26.44
41.35
26.38
15.94
9.33
56.8
22.11
27.0
60.28
24.9
8.09
-4.61
2.12
7.13
19.72
16.97
36.74
34.25
27.52
1.67
10.82
-1.13
7.09
11.58
7.56
-5.01
-16.73
-33.0
-30.05
-16.06
-14.4
10.6
14.4
-22.31
-12.9
-5.53
-12.33
-35.7
-1.8
-30.49
-8.37
-24.26
7.25
17.05
-27.25
-4.42
3.66
16.92
-8.14
24.8
-11.99
15.58
26.47
12.89
7.29
14.91
7.05
20.55
-3.83
-14.71
-18.11
-13.03
4.61
12.85
17.01
3.59
31.57
-6.53
5.92
-12.55
20.35
14.19
-2.85
6.21
-13.28
-36.86
-17.5
-11.96
1.73
-5.89
5.3
-2.2
15.74
-24.19
-1.43
-2.75
-13.6
3.7
12.83
-0.41
-9.12
-26.46
-19.27
-12.29
-34.3
-1.65
-30.86
14.62
-12.27
-22.2
-39.51
-34.36
8.78
-16.47
3.31
-17.22
-12.79
-16.48
-21.36
13.99
-24.55
-37.77
-9.33
-7.61
-29.28
-38.26
-17.48
-14.71
-20.43
-14.96
10.79
-7.48
0.52
-12.99
3.5
-25.46
4.36
-11.55
-0.12
-1.7
-24.69
-3.4
-32.8
-18.17
16.26
-26.09
-2.95
-14.34
-5.92
-11.29
-22.59
-1.1
7.81
15.44
-17.56
6.51
-0.41
17.48
-10.36
-2.39
-19.47
-30.36
8.55
13.65
-3.34
-6.46
-4.0
2.86
0.23
1.5
-4.1
-16.83
-9.34
-7.82
0.5
-6.32
-8.59
21.98
-9.28
-4.41
5.81
18.8
6.86
-11.02
-6.97
18.37
-5.41
-14.76
5.91
8.4
-1.01
-2.24
1.22
-18.26
-9.14
-10.55
-3.68
-12.82
-22.12
14.57
7.45
9.55
50.01
-3.61
-19.99
-5.62
-3.49
-4.9
-6.1
11.12
-19.89
-16.37
2.07
7.49
-17.58
-36.21
-22.57
13.56
1.39
-13.3
2.72
-16.74
-0.51
-2.17
1.43
-15.93
-0.22
-3.19
-17.31
0.44
-5.53
3.97
-10.2
-17.19
-15.84
0.78
25.94
2.99
-27.74
15.65
22.06
-1.62
-5.14
-29.7
-6.9
19.77
-9.39
-6.51
-21.87
14.56
5.46
-9.76
13.31
11.5
-11.01
-4.67
24.01
-2.3
-2.36
-9.36
13.4
-10.62
-16.09
11.34
1.21
15.04
-1.95
-10.52
-20.66
-16.8
-22.31
-1.96
30.7
-5.68
6.49
29.38
26.88
-12.74
5.55
29.86
24.29
-11.13
12.1
-4.5
8.53
21.51
15.31
-15.16
-11.33
11.07
22.76
-5.24
13.44
-5.48
-3.91
-14.66
-9.49
-7.67
-39.21
13.51
-21.44
-14.71
11.03
2.35
13.27
-25.22
-11.29
-13.84
14.68
-2.29
-0.67
-6.09
2.0
-18.76
15.77
0.64
10.88
-11.3
24.69
-1.82
-28.4
3.84
9.0
10.31
27.13
3.18
-4.79
15.27
8.77
9.79
28.15
41.7
-4.29
27.82
39.13
45.57
7.73
10.21
20.38
3.62
36.97
27.24
10.6
52.55
17.28
12.13
33.44
32.67
30.87
22.55
33.68
24.68
22.39
8.73
4.9
11.26
8.72
-12.37
-2.76
17.22
20.77
-4.22
-6.77
29.17
-2.28
6.49
-20.46
-21.02
-11.53
8.39
14.71
-17.83
-0.5
2.79
-14.85
-1.79
-5.71
-7.82
-45.95
-4.23
-17.94
-5.48
12.1
-6.21
-16.07
2.5
-7.79
-1.51
-7.83
-10.26
-15.81
-34.43
-18.59
-23.26
9.22
-16.97
9.08
-39.89
-3.76
-13.8
-21.63
-19.84
1.38
-24.51
-12.56
6.29
-7.09
-11.93
-10.04
-0.32
-26.72
5.82
-17.48
-8.76
-26.05
-43.08
-64.15
-21.12
-22.07
-36.08
-13.45
-30.25
-1.85
-48.54
-11.12
10.04
-0.03
-5.56
-22.0
-16.48
30.73
29.05
-1.94
1.96
-3.31
-13.95
-8.52
21.42
4.73
13.74
-2.55
-18.51
23.64
11.41
4.37
-28.86
0.62
-10.12
7.91
8.05
7.42
-0.17
-0.9
2.13
34.48
-16.52
-17.19
-4.11
-16.48
1.04
-28.4
-3.83
18.1
15.35
-15.98
-47.62
-43.65
-33.27
-28.05
-28.55
-34.61
-3.09
-11.79
-39.34
8.05
-8.47
-3.54
-29.39
-19.49
-43.58
4.32
-21.92
-7.99
-38.18
-42.81
-7.2
11.92
-22.64
-5.25
0.23
-43.71
-1.35
-5.46
-15.26
-2.86
-18.24
-18.47
-0.17
-23.63
-43.06
31.67
0.36
-20.35
-20.72
-36.62
-8.36
-19.91
-0.66
-14.48
-7.07
-32.98
-26.88
-22.78
-24.3
0.21
-8.59
-11.64
-11.18
-24.74
-12.75
-23.35
-5.05
6.55
-11.99
19.85
-30.67
-36.82
-11.19
-22.29
-18.22
-19.09
-1.35
-9.84
-18.05
-4.34
8.5
18.44
-7.06
35.59
6.43
9.35
21.16
24.55
1.45
9.72
39.51
17.95
10.54
10.2
-6.39
-15.56
-22.47
27.75
-10.97
3.3
-18.29
6.2
-0.37
9.39
-1.88
21.87
26.68
16.21
1.04
24.76
31.4
-13.69
17.49
-29.1
25.96
2.2
22.22
19.23
14.05
31.82
11.29
-8.25
33.47
32.62
22.25
3.44
35.44
11.49
32.36
16.3
-24.35
-11.37
-0.7
10.1
-13.1
-14.56
0.94
2.54
-19.84
-10.46
6.7
-33.4
-23.85
-12.78
-6.39
-2.02
-18.98
12.06
-6.96
1.25
-9.51
12.08
-5.59
-4.09
19.32
31.94
-4.36
8.64
-28.01
-20.85
22.94
18.31
16.98
11.07
22.89
30.13
-18.26
1.66
20.32
10.1
-22.96
26.84
15.68
22.22
19.08
22.65
24.42
-3.54
31.21
34.6
34.33
76.42
42.7
42.88
34.76
58.52
17.04
39.64
16.41
33.18
50.84
60.56
56.2
34.58
28.63
15.18
32.37
35.17
49.94
51.98
59.63
45.44
79.42
72.27
77.41
36.17
36.96
50.57
31.99
51.07
37.49
47.8
61.98
43.08
38.87
12.94
18.44
25.21
12.56
35.11
23.04
22.53
23.1
-18.55
7.12
33.46
14.57
28.4
43.36
9.19
35.21
5.84
1.34
36.8
32.14
44.58
37.09
33.47
44.85
37.28
33.92
62.92
31.88
39.99
22.94
10.53
37.42
1.69
10.61
-3.83
11.17
10.24
27.54
30.85
12.26
4.95
14.87
2.79
22.28
14.57
4.28
8.45
11.96
0.65
-18.04
-14.11
4.31
0.46
8.35
-25.91
-12.47
21.89
30.96
19.81
15.52
0.51
11.94
8.79
5.68
5.81
36.96
-1.75
19.05
-15.71
-4.68
-4.25
7.37
6.46
5.69
-6.45
2.08
-1.6
33.07
4.96
-11.13
16.82
11.89
-12.8
9.41
15.99
-6.59
-0.21
3.53
-29.81
-19.74
-12.45
-6.44
-8.82
-26.01
-14.59
-8.11
-18.49
-13.21
-17.9
-13.21
-24.81
-32.08
-25.25
-23.51
-19.53
-20.05
-22.84
-17.34
-0.83
-6.89
-38.93
1.95
0.35
-22.84
-8.31
-15.13
-12.35
-5.04
-13.64
-7.37
15.53
-15.29
-21.79
-16.71
-14.07
-5.63
-41.57
-9.64
-7.0
14.62
-22.26
-35.8
-16.54
-17.12
-12.49
-10.2
-17.52
-47.04
-14.42
-12.75
-9.52
-12.89
0.11
-15.43
-20.6
0.06
9.75
-11.29
-15.65
-15.05
5.99
-4.15
-37.62
-13.5
-22.98
-29.7
-15.46
-13.54
-18.34
-19.21
-28.05
-10.31
-9.59
-33.7
-17.68
-18.38
-12.07
14.5
-11.87
-12.8
-7.23
-32.0
-16.02
12.63
-16.62
-21.2
-18.32
-33.55
-11.22
-21.53
-15.15
-23.12
