-300
-300
-300
-300
-28
-300
-43
-300
-300
-300
-300
-300
-300
-300
-300
-300
-300
-300
-300
-300
-300
-300
-300
-300
-300
-300
-300
-300
-300
-300
-300
-300
-300
-300
-300
-300
-300
-300
-300
-300
-300
-28
-300
-300
-300
-300
-300
-300
-300
-300
-300
-300
-300
-300
-300
-300
-300
-300
-300
-300
-300
-300
-300
-300
-300
-300
-300
-300
-300
-300
-300
-300
-300
-300
-300
-300
-300
-300
-300
-300
-300
-300
-300
-300
-300
-300
-300
-204
-300
-300
-300
-300
-300
-300
-300
-300
-300
-300
-300
-300
-300
-300
-300
-300
-124
-300
-300
-300
-300
-300
-300
-300
-300
-300
-300
-300
-300
-300
-300
-300
-300
-300
-300
-300
-300
-300
-28
-300
-300
-300
-300
-300
-300
-300
-300
-300
-300
-300
-300
-300
-300
-300
-300
-300
-300
-300
-300
-300
-300
-206
-184
-300
-300
-20
-300
-300
-300
-300
-300
-300
-300
-300
212
-300
-300
-300
-300
-300
-300
-300
-300
-300
-67
-300
-300
-300
-300
-300
-300
-300
-300
-300
-300
-300
-300
-300
-300
-300
-69
-300
-300
-300
-300
-300
-300
-42
-300
-151
-300
-300
-300
-88
-300
-300
-300
-300
-300
-90
-300
-300
-300
-300
-300
-300
-300
-300
-300
-300
-300
-300
-300
-300
-300
-300
-300
-300
-300
-300
-97
-300
-300
-300
-300
-300
-300
-300
-300
-300
-159
-300
-300
-300
-300
-300
-300
-300
-300
-56
-300
-300
-300
-300
-300
-300
-300
-109
-300
-300
-300
-300
-300
-142
-300
-300
-300
-300
-300
-300
-300
-300
-300
-300
-300
-300
-300
-300
-300
-300
-300
-300
-26
-300
-300
-300
-300
-300
-300
-300
-300
-127
-300
-300
-300
-300
-300
-300
-300
-300
-300
-23
-300
-300
-300
-300
-300
-300
-300
-300
-300
-300
-300
-300
-300
-43
-28
-300
-300
-300
-157
-268
-300
-300
-300
-300
281
-300
-300
-300
-300
-300
-300
-300
-300
-300
-300
-172
-300
-300
-300
-300
-300
-300
-300
-300
-300
-300
-300
-162
-172
-300
-300
-300
-300
-300
-300
-300
-300
-300
-300
-300
-300
-300
-300
-300
-300
-300
-300
-300
-300
-300
-300
-300
203
-300
-300
-300
-300
-104
-300
-300
-300
-300
-300
-300
-300
-300
-300
-300
-300
-300
-300
-300
-127
-300
-300
-300
-300
-300
-300
-300
-300
-300
-300
-300
-300
-300
-300
-300
-100
-300
-300
-300
-300
-300
-300
-300
-300
-35
-300
-300
-300
-300
-300
-104
-300
-300
-300
-300
-300
-186
-78
-300
-184
-132
-300
-300
-300
-300
-26
-300
-300
-300
-213
-300
-300
-300
-300
-300
-300
-300
-300
-300
-300
-300
-300
-300
-300
-300
-300
-283
249
-300
-300
-300
-300
252
-300
-300
-300
-300
-300
-300
-151
-300
-300
-300
-300
-169
-300
-300
-300
-300
-300
-300
279
271
-300
-300
-300
-300
-300
-300
-300
-300
-300
253
-300
-300
-300
-300
-300
-300
-300
-300
-300
-300
-300
-300
-300
-300
-300
-54
-300
-300
-300
-300
-300
-300
-300
-300
-300
-104
-300
-300
-24
-300
-300
-300
-300
-300
-300
-300
-300
-300
-300
-300
-300
233
-300
284
-300
-300
-300
-300
-300
-300
-20
-300
268
-300
-300
-300
-300
-300
-300
-300
-300
-56
-300
-300
-300
-300
-300
-300
-300
-300
-300
-300
-300
-300
-300
264
-300
-300
-300
-300
-68
-300
-300
-300
-300
-300
-300
-300
-300
-300
-300
-300
-300
-300
-300
-300
-300
-300
-300
-300
202
-300
-300
-300
-300
-300
-300
-300
-300
-300
-300
-300
-300
212
-300
-300
-126
-300
-300
-300
-300
-300
-300
-300
-300
-300
-300
-300
-300
-300
-300
-300
-300
-300
-300
-300
-300
-300
-300
-300
-300
-300
-300
-300
-300
-300
-300
-300
-300
-300
-300
-300
-38
-300
-300
-300
-300
-300
-300
-300
-56
-300
-300
-300
-300
-300
-300
-300
-300
-300
240
-300
-300
-300
-46
-300
-300
-300
-300
-300
-300
-300
-300
-300
-300
-300
-300
-300
-300
-300
-300
-300
-300
-22
-300
-300
-300
-300
-26
-300
-300
-300
-300
-300
-300
-300
-300
-300
-33
-300
-300
-250
-300
-36
219
-300
-94
-300
-172
-300
-300
-300
-300
-300
-300
-300
-139
-179
-88
218
-300
-300
-300
-65
-72
-142
-300
-300
-246
-61
-20
-300
-12
229
-131
-135
-300
-27
-73
-197
-30
-202
-300
-300
-300
-300
-180
-300
-175
-300
-60
203
-70
-49
-300
208
-300
-160
-146
-167
-147
-300
-300
-121
-90
-300
-185
-148
-2
-66
-300
-90
-300
-14
-144
-300
-300
-113
211
-158
-300
-300
-169
-70
-57
273
-300
-300
-120
-80
-176
-155
-107
-180
-298
-300
201
-300
-93
-102
-76
-100
-154
-78
-165
-300
-300
-103
-25
-300
202
-300
-101
-300
-300
-300
-300
-81
-23
-66
-19
-35
-300
-115
-112
-127
-27
-180
-300
-127
-183
-300
-156
-110
-27
-94
-168
-127
-12
-181
244
-105
-87
-61
-153
-179
201
-64
-132
-108
-111
-73
-300
-73
-90
-300
201
-50
-112
-93
-108
281
-95
-4
-112
-111
208
-110
-300
-196
-141
-225
-1
-293
-52
204
-62
-88
-106
259
-18
-286
-119
-113
-76
-111
-94
-97
225
-300
-79
-94
231
-26
220
-89
-83
-53
-87
-142
-300
-22
-104
-74
-6
-79
-128
203
-94
-81
-300
-168
-4
201
-86
-108
-300
-13
-106
-102
-28
-206
-87
-117
-153
-105
-202
-123
-14
-36
-142
-88
-118
-124
-137
-118
205
-143
-34
-242
-127
-77
-128
-70
-89
-14
-86
-89
222
-281
266
-146
202
-122
-60
-11
-114
-101
-143
-80
-75
-145
-27
-171
-73
-137
-136
-2
-134
-44
-117
-47
-137
-21
-112
-254
-112
-96
-136
212
-13
-173
-148
-153
-165
-106
-75
214
-225
-55
-93
-132
-128
-162
-194
-249
-175
-91
-130
-125
-130
-109
-167
-190
-183
-112
-195
-206
-107
-124
222
-300
-57
-198
-91
-125
206
-33
-56
-210
-160
-204
-108
205
-300
-83
-166
-209
-225
-74
-27
-143
-300
-56
-300
-300
-159
-150
242
-127
-300
-300
-154
-241
209
220
-300
-148
241
-300
-14
-300
-274
-300
-18
202
-118
-38
-244
-300
215
-41
-111
-153
-300
-150
-300
-300
-300
-109
-300
-187
-179
-300
200
-206
-47
-34
-300
-300
-93
-245
-190
-300
-300
-300
-182
-105
-300
-300
-300
-151
-300
-32
-300
-300
-25
-300
-300
-300
-300
-78
-27
-141
-158
-300
-300
-300
-37
228
-115
-300
-300
-300
-300
277
-300
-300
-300
-14
-300
-300
-300
-300
-300
-300
-300
-300
-300
-300
-300
-199
-300
-300
-300
-300
-300
-139
-300
-300
270
-62
-300
-300
-300
-300
-300
-300
-300
-300
-114
-300
-300
-278
-300
-300
-300
-71
-300
-300
-300
-300
-300
-300
-300
-300
-300
-300
-300
-300
-106
-300
-300
231
-300
-300
-300
-300
-300
-300
-300
-300
-300
-300
-300
-300
-300
-300
-300
-123
-130
-300
-300
-300
-74
-300
-300
-300
-54
-300
-300
-300
-258
241
-300
-123
-300
-300
-300
-300
-300
-196
267
-224
-300
-300
-300
-79
-197
-157
219
-155
-28
-187
-300
-214
-78
-179
-300
-187
-278
-94
219
-121
-3
-133
268
-76
-56
-300
-104
-300
-103
-94
-79
-178
-2
-295
-300
201
227
-79
280
245
-300
-300
-106
-3
-300
-136
-61
-70
-48
-196
-297
-124
-180
223
-24
-32
-7
-300
-300
-300
-243
-300
-19
-73
-49
210
231
-286
-11
-64
-40
-60
-113
203
284
-87
244
-28
-300
-51
-15
-7
-300
-24
-65
-36
-104
227
-169
-300
-53
-73
218
-48
246
245
214
-147
-236
220
-300
-78
218
241
-300
228
-300
-89
-177
-300
-300
-140
-91
200
234
-300
-105
-300
208
-289
-20
-300
234
234
-300
223
221
-9
-197
-231
-300
-192
-2
-151
-69
-80
-37
-300
218
-18
-1
-55
-87
235
-166
-163
-2
216
-121
-102
-87
-78
-113
243
224
221
-71
237
-300
-145
-68
-4
-300
-81
-18
260
-76
-300
211
212
239
-79
238
-10
-138
-204
-300
-190
-6
-125
-95
240
-89
-300
-66
-114
-26
-112
208
-126
-96
-26
-216
-98
230
242
262
210
236
-108
-6
259
211
-300
-300
211
-92
217
222
210
-100
-68
-280
-278
-231
246
-239
-142
-95
-145
-134
-10
241
201
244
-37
-72
-65
-206
-30
-19
-79
200
-300
242
212
-5
-76
-39
-97
215
209
228
-300
-300
206
231
-106
-31
-91
229
-4
-300
219
209
233
-115
-16
215
-65
-85
224
203
202
-2
241
211
227
215
228
-300
-261
205
-36
-113
201
231
-89
-59
-54
249
-156
-97
230
-4
250
225
218
209
-136
228
228
226
250
218
205
276
209
-104
212
-95
-181
-1
207
236
242
211
-86
205
-160
204
-92
206
278
-88
230
-107
-71
-81
-36
-60
221
203
201
-28
-168
-114
-96
-59
-63
-300
214
-83
231
200
218
244
251
219
-7
219
-117
-109
219
-17
253
-5
-10
-28
210
-43
221
-8
-36
-300
-112
-120
-25
-3
-112
-8
238
-23
-14
-300
-54
-115
228
-1
225
219
240
208
243
237
-52
238
202
-115
230
-164
-78
-117
240
-105
-121
-16
-63
-75
-99
-127
209
-13
-83
-73
212
-33
-69
-93
-76
-90
206
224
229
210
-150
242
-43
-114
-6
219
-13
280
203
-100
-97
-124
-37
-300
-2
-78
264
223
-274
206
-11
233
-112
221
232
-141
-40
-69
-46
-300
225
217
252
-18
223
218
-169
-90
214
219
-48
222
-46
-34
-5
-68
-46
255
-69
-40
248
218
-120
231
235
-84
-28
-15
-78
-65
224
-31
-112
-93
-106
219
-91
212
221
241
-154
236
-132
206
208
235
234
-10
-107
204
217
200
220
227
236
-99
218
-38
-30
211
-60
247
223
-115
225
230
-6
-6
-30
255
215
-27
-70
-104
-21
247
-45
-107
201
-40
254
208
225
205
234
230
-54
214
-26
252
-111
-169
-83
-9
234
207
-100
222
-105
227
-14
226
239
-3
-22
231
-89
205
230
264
240
224
-90
241
-300
244
-74
250
259
-63
-26
-153
-111
-65
-46
242
-66
-91
206
-113
246
-44
-3
-64
216
280
231
238
220
240
220
213
-2
202
210
-40
203
219
-1
236
219
-55
232
-95
-143
248
212
-49
249
231
201
-96
-300
225
-14
-117
228
222
215
205
-81
229
213
215
-22
-81
237
-300
284
216
258
211
214
-4
232
-27
-20
217
252
228
-56
202
225
-1
-187
212
212
204
231
221
-139
-14
-300
-69
-65
201
213
-68
206
226
233
-50
229
206
216
-193
254
244
231
-56
219
-1
206
213
-18
-88
224
-5
214
261
228
223
-39
228
-103
201
216
-20
-80
-73
205
-69
-99
234
219
-20
-18
-69
249
237
230
-129
221
253
218
236
247
239
-55
-73
232
207
-75
233
-82
233
273
223
224
241
-1
-68
-159
224
213
-100
241
-103
240
235
-71
230
230
226
224
234
-54
230
221
-78
204
-8
-76
233
204
208
-79
-84
232
248
227
234
213
209
-60
232
-2
232
-137
-98
257
245
251
-53
235
-82
-38
252
220
230
252
270
269
224
-1
215
-97
229
219
209
218
-95
-158
-84
225
-5
242
211
203
208
220
233
-16
214
226
214
251
270
-80
214
230
251
-257
-159
-5
-22
-2
229
228
219
207
-91
-17
244
212
216
208
236
233
233
258
232
-35
216
258
-110
206
-56
214
-12
269
208
233
-81
213
213
-101
-87
213
241
221
-9
217
224
-19
216
224
-96
-76
251
-93
232
-99
224
238
-53
211
211
217
238
233
-99
215
-98
209
-1
-45
221
208
236
211
222
221
209
-2
-86
-4
209
206
221
251
220
210
225
200
217
224
241
219
221
231
263
222
224
-12
218
214
246
223
-300
-30
224
210
206
211
250
271
218
-46
228
-28
245
248
-67
-73
213
278
210
206
235
-20
-91
-4
204
217
-4
216
-73
209
-56
220
224
-6
-5
-3
220
210
261
-1
248
203
201
-100
-4
262
-86
250
-1
230
223
221
231
218
210
-7
-1
215
200
-93
229
236
255
202
243
213
236
250
-93
212
219
202
-7
-65
-9
237
222
-21
219
-78
216
241
282
230
222
230
-77
-4
212
203
240
235
278
226
251
258
243
218
-38
-69
228
-66
269
225
227
236
-60
208
241
233
-19
200
252
236
212
200
219
217
211
201
-84
225
221
240
258
245
221
217
212
231
216
237
219
220
-4
226
218
-91
230
236
203
236
218
240
225
218
244
225
219
245
239
243
205
226
230
215
213
209
-4
214
230
232
250
-63
209
235
207
231
203
-4
228
-10
-19
205
206
228
237
216
240
-90
212
221
-104
217
-71
-2
251
-28
224
232
-49
211
-18
226
258
-104
200
205
214
230
209
200
233
232
212
259
218
-18
-94
214
213
211
242
226
239
211
241
227
216
200
-12
228
-13
226
240
-67
221
256
254
217
-7
245
249
229
-54
202
216
214
-82
259
257
221
242
231
244
221
-92
215
218
-3
210
224
-88
211
-70
242
-101
230
248
-61
218
-61
213
214
241
217
-89
217
-30
239
204
236
228
245
258
-102
224
231
245
-35
214
218
-64
250
223
249
239
216
220
233
206
227
233
-25
274
235
258
-2
221
264
211
237
215
211
224
214
230
209
248
222
204
235
-84
251
214
-80
235
232
247
-4
-62
222
216
202
225
238
214
216
212
-6
213
230
212
211
202
232
227
-74
218
237
216
241
230
227
-56
-72
-21
213
-196
211
257
231
224
-78
209
213
256
230
-79
203
252
223
232
214
232
209
255
220
212
235
225
200
222
-61
227
228
-152
215
241
-33
225
-69
256
-82
223
224
215
220
246
250
241
216
221
250
-25
236
-49
242
232
236
226
218
265
223
214
-2
203
-191
225
-10
235
240
232
213
221
212
226
273
237
-74
212
238
-70
228
226
224
-73
242
214
248
-93
200
-46
-97
228
204
-62
-90
-32
204
217
-22
223
246
207
206
260
240
227
204
211
-65
-66
-71
236
211
225
231
207
207
244
237
220
241
250
230
-27
285
211
-81
257
-4
204
226
239
218
-62
218
-91
260
-62
-7
264
211
258
264
230
232
206
218
208
206
243
232
226
241
232
219
226
245
214
218
-61
230
219
-8
239
218
204
241
240
258
218
239
201
247
-59
224
240
217
212
205
220
260
231
230
-93
216
229
225
238
235
260
220
218
226
-53
218
232
-60
-59
215
242
-94
230
224
241
-64
229
236
278
218
235
-71
219
226
229
215
231
203
248
230
218
224
-18
265
254
214
-3
239
207
205
210
-109
-12
221
237
237
218
212
243
229
-1
209
203
225
227
227
233
208
251
221
231
205
203
219
232
233
246
244
241
228
214
235
247
218
248
238
239
259
220
217
240
233
243
-97
225
215
220
231
-80
-69
227
-77
230
233
-85
-77
-74
255
232
-98
231
235
235
-69
-55
216
-69
221
220
219
225
203
206
231
212
-82
230
221
210
248
224
246
216
228
209
224
227
239
216
239
227
227
243
-36
233
232
229
221
234
282
229
243
286
246
-63
227
231
253
226
216
225
240
253
229
219
234
225
204
219
215
242
-71
234
200
226
-77
234
216
225
216
245
211
-80
-61
253
237
242
-73
225
229
-92
225
236
262
223
212
211
214
-60
250
250
-66
239
208
228
248
214
230
213
244
228
221
-100
226
-63
-70
219
216
217
-25
-88
241
225
-67
242
240
239
212
215
235
283
236
226
216
225
216
-44
214
-98
212
238
230
222
223
274
227
-12
211
256
216
220
-147
227
236
240
-1
224
222
217
-1
212
-86
229
237
241
221
-90
225
-90
227
-76
208
237
216
214
223
236
223
220
207
211
-71
222
211
-70
233
235
270
203
-77
221
221
220
-86
219
210
237
204
219
246
258
-8
242
207
253
245
225
251
266
235
232
221
216
221
-40
247
227
215
219
249
212
232
202
245
-70
241
221
238
216
236
210
232
243
223
204
217
228
225
240
286
216
-82
223
210
-92
-109
226
202
230
-78
237
-59
229
283
-47
242
240
209
218
-53
275
248
217
236
238
237
231
229
243
206
220
236
237
222
221
243
224
213
240
219
235
226
241
216
233
209
225
218
234
245
-62
-32
261
229
233
247
265
-73
260
258
235
219
-69
209
209
232
245
214
231
222
-68
271
236
213
235
239
252
239
208
236
238
230
223
261
229
243
235
217
232
211
217
223
235
212
241
276
259
-52
218
221
-63
237
232
-75
-69
252
244
219
226
245
223
249
248
234
214
220
213
220
217
236
222
222
214
234
221
222
219
209
219
227
215
266
209
215
250
-96
217
224
214
232
242
230
213
216
225
222
218
236
239
211
217
234
206
244
209
-59
231
218
229
204
235
240
231
251
228
202
223
237
209
212
-98
212
215
215
208
248
203
244
224
212
255
239
285
-64
214
244
211
206
229
211
-83
211
217
242
222
229
254
237
-7
228
-78
259
221
214
-66
220
227
-88
217
240
257
243
241
217
233
220
228
230
216
218
205
237
226
240
220
213
275
218
216
-59
220
225
244
230
244
214
237
241
220
200
208
220
230
233
-85
253
203
237
204
238
212
-1
237
232
219
218
231
-39
-129
-64
205
-60
223
223
-66
-1
-65
261
-56
218
213
222
217
241
252
228
209
234
241
247
231
219
236
240
220
228
219
221
243
-70
248
223
223
277
229
271
-11
242
256
225
226
237
237
217
-61
221
224
207
225
222
-103
-80
-1
216
220
243
245
-1
-28
218
-79
-91
221
225
227
221
223
231
243
220
228
234
237
226
245
247
-39
246
234
234
218
255
245
239
210
209
226
-5
218
231
219
-70
234
231
235
230
-6
-1
229
251
225
226
231
232
242
-56
275
233
218
248
214
209
242
221
207
229
228
224
247
223
232
217
220
229
-91
272
215
227
222
236
261
209
213
231
-62
248
-93
223
226
244
207
-95
222
211
236
200
231
-75
217
-94
251
212
214
241
233
247
243
252
-76
247
217
-82
237
234
201
-56
230
215
220
201
255
218
254
206
233
235
236
258
228
224
240
228
225
200
215
233
238
210
241
-75
238
233
202
222
208
-96
219
-71
211
202
202
218
232
243
232
-72
229
231
247
-68
233
244
249
242
231
212
216
215
228
237
226
226
219
-88
253
234
234
213
221
207
227
227
257
223
244
235
-56
201
222
212
-81
230
223
-83
251
215
244
-32
211
228
238
-83
215
223
211
244
235
224
237
245
224
234
239
-85
230
227
221
222
248
227
218
230
-85
-81
233
-1
236
222
225
252
238
213
214
248
281
256
231
216
211
-63
203
214
242
216
240
217
247
228
240
243
223
225
242
213
245
218
220
-73
210
214
261
233
219
211
261
223
-77
209
223
231
218
244
-75
231
232
235
217
251
-88
222
237
233
210
241
229
259
220
216
-35
229
230
242
243
222
226
-94
232
239
222
-11
221
250
241
207
256
214
225
230
254
223
224
230
218
222
230
270
267
206
264
-60
234
216
231
227
246
261
203
228
230
219
237
229
247
228
242
247
209
229
246
214
233
258
-78
-83
228
243
241
241
239
224
219
221
253
259
247
239
216
203
240
227
236
-79
216
228
260
237
246
217
201
-8
231
221
247
-87
229
233
254
235
-86
202
213
223
-63
226
218
-74
216
214
-80
-71
245
241
-59
228
218
236
232
248
225
-72
222
219
232
211
241
239
274
229
229
242
216
240
-141
217
262
283
227
-80
232
271
-88
258
223
230
-56
233
239
232
218
-89
219
225
-142
245
260
213
234
238
239
212
-82
220
254
238
220
224
220
221
225
228
238
222
231
221
259
228
246
236
229
-48
202
-52
211
213
231
229
235
228
216
220
245
246
-74
-69
216
241
234
212
242
-80
234
248
-86
232
265
239
227
231
280
222
235
261
230
210
219
223
227
226
204
227
-18
234
286
228
250
203
219
241
-156
220
245
237
-70
259
219
238
213
234
233
243
-4
229
234
230
234
228
-77
-55
228
234
240
233
262
225
248
238
214
230
224
-88
227
229
243
237
231
-73
227
241
233
207
218
-60
203
220
238
221
243
-4
223
248
207
216
212
234
225
237
244
228
226
232
234
232
268
227
234
264
246
-69
229
237
262
227
231
233
284
222
228
242
229
223
-73
-113
265
-61
213
240
234
207
215
243
230
226
226
242
215
238
231
221
217
246
232
246
232
237
241
223
232
242
228
216
282
-68
216
223
246
227
224
224
230
209
223
215
238
-66
216
252
213
247
232
241
234
224
223
-12
226
259
218
215
237
239
229
236
217
210
231
-18
228
221
237
239
217
238
237
257
256
213
230
244
-55
223
213
236
230
-55
243
239
239
232
-18
226
-59
253
218
259
245
256
208
-73
-98
201
278
212
216
234
234
225
232
211
234
213
221
238
238
223
243
-21
212
269
249
228
226
227
258
222
213
212
235
231
225
211
250
277
235
244
223
228
214
247
256
234
224
221
231
235
-81
231
256
240
236
234
218
-68
238
239
-72
231
231
229
249
237
-111
-34
215
229
-80
228
218
243
230
247
223
213
222
268
223
272
221
238
230
217
265
204
219
227
219
275
228
242
243
243
235
225
258
235
237
231
216
222
243
278
215
282
222
247
258
-71
203
242
234
-78
218
208
233
264
229
-66
206
239
221
221
232
259
250
-67
234
265
224
212
234
236
226
221
-74
228
239
212
234
244
218
214
228
-65
217
220
229
233
245
252
-1
216
243
229
214
256
241
-20
234
221
-97
246
219
275
217
216
232
232
255
263
236
-98
237
-54
225
213
215
232
229
247
223
220
234
227
219
236
210
-66
237
228
213
232
-89
264
235
253
219
246
-50
-86
240
226
208
277
-43
216
-75
241
226
218
229
224
225
238
228
230
249
219
227
249
239
283
233
235
221
216
234
230
222
266
221
242
261
-83
228
234
-74
225
252
229
216
205
238
204
246
230
239
-64
231
221
228
212
214
241
230
221
238
235
-92
242
246
222
246
-82
263
221
223
234
265
220
234
239
223
235
229
241
235
248
-87
216
204
230
237
211
227
218
-36
251
218
201
230
232
247
251
252
214
227
231
-90
241
243
212
207
263
210
211
238
259
229
212
224
243
220
224
213
262
229
222
229
218
225
240
228
218
227
213
240
239
240
275
238
236
251
219
-81
212
241
231
-89
226
215
245
231
-40
253
216
238
217
224
244
218
240
231
257
215
232
227
236
281
229
238
231
214
251
235
253
233
235
227
234
252
263
256
225
265
234
224
-34
235
240
237
216
246
-68
239
270
231
231
274
220
-90
245
220
232
220
283
235
-64
224
226
225
215
243
246
262
-73
239
240
222
233
225
228
227
231
221
276
231
257
219
-8
234
223
209
230
224
219
230
-64
274
233
233
-86
242
280
230
234
237
245
240
215
237
-69
262
256
-69
225
266
219
232
280
-75
234
222
248
238
226
-4
219
246
247
219
-40
222
230
224
219
225
220
228
-77
208
-64
226
233
244
210
227
213
223
227
234
253
228
224
256
230
239
-86
-73
-81
222
224
248
250
262
210
243
251
214
243
240
250
236
-86
225
233
-2
226
-11
228
231
253
238
269
233
234
242
240
237
237
232
213
212
231
222
230
243
228
227
212
214
231
232
228
214
-79
212
229
235
223
237
249
248
225
215
221
219
-59
233
227
241
222
214
235
237
235
221
244
239
241
208
223
252
-87
234
236
235
-59
224
241
241
253
202
222
242
225
217
240
243
235
214
243
232
235
227
229
237
232
233
270
253
268
214
222
243
239
-88
222
-45
235
268
226
222
215
243
210
252
229
-85
234
-65
226
230
223
254
220
243
239
235
213
242
220
253
257
217
228
224
239
217
-65
229
226
272
239
230
239
215
-93
212
237
236
-89
235
246
-54
244
217
207
230
242
236
230
228
-93
236
241
-60
271
226
230
243
214
246
239
222
250
226
228
242
223
234
226
248
230
231
240
260
251
233
284
256
259
255
223
226
255
242
229
223
-81
258
230
225
233
-1
236
220
248
211
239
213
230
-49
229
230
244
234
240
235
231
255
226
237
228
-77
238
233
224
239
225
243
216
240
236
283
246
218
229
229
224
238
245
234
240
229
225
226
212
207
217
-78
241
221
213
219
241
200
262
228
257
224
257
218
252
238
233
228
233
231
239
227
242
236
-72
-23
244
223
219
243
224
249
225
242
220
211
235
230
228
264
228
234
266
244
253
241
227
219
223
225
248
251
206
240
258
235
241
205
258
228
242
229
232
234
242
-83
232
260
223
238
254
245
260
-79
237
222
214
242
242
228
226
255
267
249
257
274
-65
-21
235
279
235
212
229
236
238
219
215
217
-73
230
236
250
233
210
217
245
-63
231
226
-66
235
227
217
283
213
250
236
240
243
242
230
215
223
225
223
219
-61
-68
230
229
246
245
244
234
233
231
259
226
272
238
241
248
213
-51
220
222
257
230
258
-75
219
250
219
271
215
223
-2
253
244
237
213
215
-86
224
233
262
255
244
240
-72
220
235
244
226
250
269
242
244
226
223
-79
262
224
230
243
240
225
226
226
249
233
231
228
218
202
231
232
250
227
213
227
237
235
227
284
238
258
-78
234
217
230
219
223
257
237
-16
232
220
237
231
252
245
225
216
218
230
226
221
239
224
235
211
250
232
238
-85
222
227
216
233
229
229
239
249
-62
246
242
255
220
221
221
232
247
215
250
234
255
218
223
223
232
234
229
225
240
234
229
-64
238
253
242
256
213
225
220
-82
245
240
229
224
230
223
238
230
231
224
214
251
233
235
207
226
234
229
232
262
217
214
251
231
210
211
255
216
227
235
245
238
239
238
217
249
231
260
230
239
244
213
219
226
219
208
223
229
266
214
233
-51
246
227
235
270
236
208
219
238
217
232
228
227
211
215
207
219
241
241
-56
244
227
233
220
220
235
231
237
250
226
253
238
214
229
237
241
234
278
213
244
214
240
222
244
238
225
-84
-3
-65
-92
221
242
223
241
237
239
250
-59
263
213
217
208
245
233
254
284
224
234
219
231
256
237
232
205
240
221
223
234
244
227
236
217
223
229
240
229
228
238
227
218
220
228
-96
214
222
242
242
264
220
228
229
220
-80
229
228
213
229
225
229
230
236
227
-13
215
234
241
254
211
248
229
204
242
-76
250
250
225
-87
251
-68
232
227
224
240
223
232
251
221
237
215
242
227
236
233
229
-10
247
251
228
224
235
242
-80
222
225
257
228
242
223
225
219
228
270
-67
232
239
237
225
242
222
-25
230
227
231
241
236
225
226
214
279
224
237
228
223
238
224
233
220
240
232
235
249
246
242
253
250
219
221
234
-59
233
218
214
266
211
206
240
255
234
219
227
213
226
233
250
218
221
232
240
256
217
228
255
245
-74
249
227
239
253
235
242
230
228
229
233
-78
228
231
235
225
260
227
-86
223
-87
228
239
235
236
218
246
235
233
221
233
231
-90
226
-55
255
217
226
226
235
229
221
226
-22
236
275
218
237
261
211
231
225
226
-10
239
241
225
222
236
217
248
245
222
251
238
-69
-64
242
275
233
234
225
226
232
234
240
221
231
222
221
229
217
251
211
268
226
248
219
246
249
238
249
250
235
225
245
224
227
202
229
252
227
211
240
222
216
241
241
228
227
230
236
244
228
232
230
233
227
207
-62
236
251
252
231
232
252
227
231
226
215
230
243
253
245
220
242
226
227
216
219
226
218
230
247
211
228
234
228
208
211
244
-70
-66
231
236
-61
224
228
223
223
258
250
219
232
226
227
231
255
236
261
218
232
232
239
259
241
239
-36
233
217
227
215
231
-82
227
235
255
250
242
229
220
213
244
249
227
250
250
255
219
234
231
250
222
228
225
218
253
223
224
224
212
244
247
201
230
257
223
232
219
221
227
237
216
233
221
256
209
254
250
220
211
241
241
252
222
240
220
218
212
222
217
-8
241
233
232
252
239
209
226
231
-90
242
240
219
230
226
224
233
235
224
254
284
247
226
217
270
221
251
265
235
229
241
222
224
262
-76
232
226
205
245
210
202
221
210
230
230
234
221
241
217
243
-69
230
233
216
230
-64
218
230
247
201
214
246
-21
241
252
226
232
263
245
224
250
240
238
212
217
219
225
258
226
215
218
248
223
245
224
241
-81
234
264
240
251
274
245
-56
226
243
270
249
222
242
253
230
239
230
261
222
220
226
232
206
229
246
251
273
213
-56
227
228
235
252
223
260
216
241
219
212
-91
238
226
-41
255
235
230
210
-2
213
231
235
219
221
225
235
263
212
237
242
216
238
-45
231
238
217
231
264
-70
226
263
228
245
218
-68
231
255
235
263
221
260
229
240
-85
249
225
233
-40
238
249
234
255
239
252
233
264
231
273
257
233
230
209
210
-79
227
236
245
217
210
219
226
251
214
230
230
212
234
243
264
236
243
238
231
-13
234
-85
215
220
-3
251
255
211
249
215
227
240
256
235
237
231
246
244
231
239
224
222
236
227
239
237
221
211
220
235
227
230
-7
231
226
226
216
239
-94
245
260
248
224
219
216
-73
229
246
270
242
235
204
228
253
223
260
232
262
232
257
230
229
231
260
240
-100
257
260
211
241
234
225
240
239
246
235
224
247
208
230
-61
231
-62
219
229
222
227
234
261
240
240
217
224
242
251
234
240
267
236
265
223
260
230
211
245
221
265
242
233
240
214
235
220
244
223
243
241
240
222
219
-40
250
223
233
251
274
230
214
275
231
217
250
229
216
231
221
232
223
227
255
220
240
229
243
225
-54
243
224
240
241
238
-83
235
220
221
228
232
236
224
232
240
219
229
233
224
240
231
235
224
233
226
226
212
231
236
235
232
252
237
225
232
245
239
233
268
202
223
220
249
233
227
-84
217
251
230
226
254
-87
231
-1
236
252
225
233
227
236
220
220
236
258
232
226
-78
232
239
262
237
243
224
237
220
247
234
233
283
263
234
250
227
236
-74
231
-98
-73
237
284
258
-76
286
244
235
243
230
241
227
243
224
233
-56
237
227
226
235
253
-72
237
255
230
227
220
273
203
221
253
231
225
234
250
259
245
217
237
269
220
231
236
236
256
238
257
230
240
241
270
249
243
235
236
251
241
228
214
252
-60
229
251
244
226
233
248
214
256
247
233
246
210
233
235
250
243
233
234
221
224
225
215
-26
225
232
229
236
230
237
247
251
245
231
235
246
231
244
225
220
203
223
226
223
217
232
253
242
233
234
224
240
218
210
218
255
248
221
238
272
224
221
211
218
254
-57
210
-80
236
218
220
216
222
246
-91
254
239
231
271
-101
232
242
237
236
251
225
225
280
235
226
260
242
227
234
252
233
245
223
240
218
243
229
251
-70
235
234
239
223
221
228
220
264
223
240
235
222
268
233
218
234
220
234
240
221
226
217
278
222
239
230
225
260
251
240
228
238
231
218
254
240
234
260
239
247
221
222
240
250
229
215
227
247
237
247
227
216
247
-85
-78
237
237
219
267
251
219
-81
227
233
225
221
232
212
236
229
253
225
242
219
281
230
241
228
246
251
276
236
239
226
249
237
216
231
237
-79
239
227
260
234
232
208
214
220
227
249
243
224
230
244
256
229
218
231
226
256
224
245
258
252
251
220
248
236
222
224
234
229
229
247
229
212
236
229
259
225
216
249
233
-85
225
211
228
214
234
242
229
255
267
231
236
236
231
219
226
220
253
237
228
212
262
214
257
243
224
235
246
233
215
275
233
270
229
235
242
245
218
238
219
255
236
230
249
244
234
226
213
268
244
214
245
232
230
-56
222
218
229
257
223
237
253
232
224
230
225
239
243
227
202
258
243
256
228
214
237
-63
232
216
245
236
246
259
235
247
230
251
230
263
247
235
-1
233
235
238
256
224
223
241
229
222
221
212
257
230
224
238
236
261
230
222
223
222
249
231
222
244
233
222
256
245
264
235
245
217
228
229
258
237
274
218
231
228
242
229
223
235
228
269
-70
236
228
202
221
216
242
267
256
223
235
287
220
253
234
249
-65
234
245
219
212
218
247
-91
243
260
245
266
-61
236
244
233
219
230
224
-61
234
250
226
244
220
226
227
245
264
244
252
230
-78
236
213
219
232
268
224
245
230
218
234
243
214
240
243
225
252
227
232
237
243
222
-68
237
237
215
216
249
223
257
249
223
262
231
246
241
222
-64
233
217
224
261
251
252
230
224
220
236
237
247
230
253
243
237
219
219
243
213
224
236
246
245
245
-73
259
239
260
222
229
233
250
224
234
244
244
211
273
247
268
237
244
233
227
227
216
-28
261
238
248
243
217
235
225
230
227
248
257
263
225
258
230
238
-73
218
219
-77
222
238
233
251
243
274
239
243
216
253
256
234
242
239
241
238
226
240
236
243
260
251
237
234
232
237
258
237
237
224
223
257
248
212
230
229
218
-56
230
253
226
227
229
215
232
230
253
251
238
216
236
236
-21
254
212
221
229
225
229
214
227
251
240
214
-41
236
233
227
232
248
234
263
217
249
274
240
248
-158
242
218
240
225
273
237
249
234
211
233
240
254
230
229
238
247
214
240
266
226
219
240
218
237
234
277
243
215
259
267
243
232
246
237
227
252
241
225
222
239
245
226
231
229
242
231
258
219
252
231
256
225
216
281
213
222
267
217
271
223
230
231
247
227
249
242
247
245
262
242
248
236
246
-75
224
208
244
-89
235
255
-67
-56
232
209
221
230
237
242
231
225
220
270
265
229
222
221
243
272
234
234
243
222
220
260
225
240
229
220
224
232
252
221
231
242
221
254
223
239
250
-4
229
229
219
248
228
253
235
232
235
235
231
234
230
230
228
214
243
267
213
235
223
-45
234
222
235
231
234
215
249
250
243
216
232
233
221
237
239
214
234
270
221
231
261
256
234
246
226
243
237
235
234
231
251
220
217
263
216
256
212
221
284
242
232
258
230
230
242
223
241
239
247
231
248
225
229
237
-45
-76
212
221
225
233
233
230
246
235
253
243
235
241
238
237
246
231
251
-300
242
241
234
244
236
239
234
227
207
220
224
249
251
221
252
218
238
262
247
211
236
210
230
215
225
223
217
232
231
224
254
227
215
280
231
235
221
243
238
-97
257
220
-82
239
208
257
-56
255
229
236
228
212
234
222
234
231
248
233
270
246
237
253
237
236
227
210
233
227
236
226
263
230
238
221
214
253
225
222
260
222
255
240
259
238
214
228
226
222
233
219
239
275
225
272
227
219
229
223
223
216
237
227
244
224
249
234
214
222
230
228
248
218
263
235
236
223
243
221
250
238
220
226
255
215
258
222
-81
240
227
232
225
-30
246
240
269
251
235
242
237
234
249
267
256
233
238
244
237
240
-99
235
231
254
242
232
225
239
242
248
251
252
220
235
244
241
264
244
255
228
255
255
229
248
210
213
233
236
223
229
226
