-300
-300
-300
-29
-136
-300
-300
-300
-300
-300
-300
-300
-300
-300
-300
-300
-300
-300
-300
-300
-300
-300
-300
-300
-300
-300
-300
-300
189
-300
-300
-300
-300
-300
-125
-300
-300
-300
-300
-300
-300
-300
-300
-300
-300
-300
-300
-300
-297
-300
-300
-300
-300
-300
-300
-300
-300
-300
-300
-273
-300
-300
-300
-300
-300
-300
-69
-300
-300
-300
-300
-300
-300
-300
-300
-300
-300
-34
-300
-300
-300
-300
197
-300
-300
-300
-300
-300
-300
-300
217
-300
-300
-300
-300
-300
-300
-300
-300
-300
-300
-300
-300
-66
-300
-300
-300
-300
-300
-300
-300
-300
-300
-300
-300
-300
-176
-300
-300
-300
-300
-300
-300
-300
-300
-300
-101
-300
-300
-300
-300
-300
-300
-300
-153
-300
-300
-300
-300
-300
-300
-300
-300
-300
-300
-300
-300
-300
-8
-300
-300
-93
-300
-300
-300
-300
-300
-300
-300
-300
-300
-300
-300
-300
-300
-300
-300
-300
-300
-300
-300
-300
-300
-300
-300
-300
-300
-300
-300
-300
-300
-300
-300
-300
-300
-300
-38
-300
-300
-300
-300
-300
-37
-300
-300
-300
-300
-300
-300
-142
-80
-89
-300
-217
-300
-300
-300
-137
-300
-300
-300
-300
-300
-75
-300
-300
-300
-300
-300
-300
-300
-300
-300
-300
-300
-300
-300
-300
-300
-300
-300
-300
-300
-300
-300
-300
-300
-300
-60
-300
-300
-113
-300
-141
-300
-300
-300
-300
-300
-300
-300
-300
-300
-300
-300
-300
-300
-300
-300
-300
-300
-300
-300
-300
-300
-300
-300
186
-300
-300
-300
-300
-300
-300
-162
-300
-75
-300
-300
-300
-300
-189
-300
-300
-300
-300
-300
-300
-300
-300
-300
-300
-300
-300
-300
-300
-300
-300
-300
-300
-300
-300
-300
-300
-300
-300
-300
-300
-300
-300
-300
-300
-300
-18
-300
-300
-300
-300
-300
-300
-300
-300
-300
-300
-300
-300
-300
-300
-300
-300
-300
112
-300
-62
-160
-300
196
-300
-300
-300
-300
-300
-300
-300
-300
-300
-300
-300
-300
-300
-300
-300
-300
-300
-300
-300
-300
-300
-300
-300
-300
-300
-20
-300
-300
-121
-300
-300
-300
-300
-300
-57
-300
-300
-217
-300
-300
-300
-300
-300
-300
-300
-300
-300
-207
-300
-300
-300
-300
-300
-300
-300
-300
-300
-300
-300
-300
-160
-300
-300
-300
-300
-300
-300
-300
-125
-300
-300
-300
-300
-300
-300
-300
-300
-300
-300
-300
-300
-300
-300
-300
-300
-300
-300
-300
-300
-300
-300
-300
-300
-300
-300
-300
-300
-300
285
-300
-300
-300
-300
-300
-300
-300
-300
-300
-300
-300
-300
-300
-128
-300
-300
-300
-300
-300
-300
-300
-300
-300
-300
-300
-300
-300
-300
-300
-300
-300
-300
-79
-300
-300
-300
-300
-300
-300
-300
-300
-300
-300
-300
-300
-300
-300
-300
-300
-300
-300
-300
-300
-300
-300
-300
-300
-300
-300
-300
-300
-300
-300
-300
-300
-300
-300
-300
-300
-300
-300
-300
-300
-300
-300
-300
-300
-300
-300
-300
-106
-51
-300
-300
-300
-300
-300
-300
-300
-300
-300
-300
-300
208
-300
-300
-300
-300
-15
-300
-300
-300
-300
-300
-300
-300
230
-300
203
-300
-300
-300
-300
-300
-300
-249
-300
-300
-300
-300
-300
-300
-300
-300
-300
-300
-300
-300
-300
-300
-300
-300
293
-300
-300
-300
-300
-300
-300
-300
-300
-300
-300
-300
-238
-300
-300
-300
-300
-137
-300
-136
-300
-300
-114
-300
-300
-300
-300
-300
-170
-300
-300
-300
-300
-300
-300
-300
-300
-300
-300
-300
-300
-300
-300
-300
-300
-300
-300
-300
-300
-89
-300
-300
-300
-300
-300
-300
293
-300
209
-300
-14
-300
-300
-300
-126
-300
-300
-300
-300
-300
-300
-285
-276
-300
-300
-300
-45
18
-300
-300
-300
-300
-300
-300
-300
-119
-300
-300
295
-300
-300
-300
-300
-34
-300
-300
-300
-300
165
-300
-300
-300
-300
-300
-300
-300
-300
-300
-300
-300
-300
-300
-300
-300
-300
-173
-300
-300
-10
-300
-300
-300
-300
-300
-300
-300
-300
-300
-300
185
-300
-300
-300
195
-300
-300
-81
-300
-300
-300
-300
-300
-300
-300
-300
-300
-300
-300
-300
-300
-300
-300
-300
-300
-300
-300
-300
-300
-300
-300
-300
-300
-300
-300
-300
-300
-300
-300
-300
-300
-300
-86
-300
-300
-144
-93
-300
-300
-300
-129
-34
-300
-300
-300
-300
-300
-300
-300
-300
-26
-300
-300
-300
-300
-300
-300
-217
-300
-300
-300
-300
-300
-300
-300
-300
-300
-300
-137
-300
118
-300
-300
-300
-300
-300
-300
-300
-300
-300
-300
-300
-300
-300
-300
-300
-300
-300
-300
-300
-121
-300
-300
-300
-300
-300
-300
-300
-25
-300
-300
-180
-300
-300
-169
-300
-300
-300
-300
-300
-300
250
-300
-300
288
-300
-300
-300
-300
-300
-300
-300
-300
-300
-300
-300
-300
-300
-300
-300
-300
-300
-300
-300
-300
-300
-104
-300
-300
-300
-300
-300
-300
-300
-300
-300
-300
-300
-69
-300
-300
-300
-300
-43
-300
-300
-300
-300
-300
-231
-300
-10
-300
-300
-300
-300
-300
-300
-300
-300
-300
-300
-300
-300
222
-300
-300
-300
-300
-300
-300
-300
-160
-300
-300
-300
-300
-300
-158
-300
-300
-300
-154
-284
-288
-300
-248
-300
-300
-300
-300
-300
-300
-300
-300
-49
-300
-300
-300
-300
-111
-300
-300
-300
-300
-300
-23
-300
-300
216
-300
-300
-300
-300
-300
-300
-300
-300
-300
-142
-300
-300
-300
-300
-300
-300
-300
227
-300
-300
-300
-84
-300
-300
-300
-300
-300
-300
-300
-300
-300
-300
-300
-300
-300
-300
-300
-300
-300
-300
-300
-300
-299
-300
-300
-300
-300
-300
-300
-300
-300
-140
-174
-300
-300
-300
-300
-300
-300
-300
-300
-300
-300
-300
-300
-300
-300
-300
-300
-300
-164
-300
-300
-300
-300
-300
-300
-300
-300
-300
-82
-300
-300
-300
-300
-300
-300
-300
-300
-300
-300
-300
-300
-300
-300
-300
-300
-209
-300
-300
-300
-300
-300
-300
-300
-300
-300
-300
-168
-300
-300
-300
-300
-300
-300
-300
-277
-300
-300
-300
-300
-300
-300
-300
-300
-300
-122
-300
-300
-300
-300
-300
-300
-300
-300
-300
-300
-6
-300
-300
-300
-300
-300
-300
-300
-300
-300
-300
-300
-300
-300
-300
-300
-300
-300
-300
-300
-41
-300
-300
-300
-300
-300
-300
-300
-300
-300
-300
-300
-300
-300
-300
293
-300
-82
-300
-300
-300
-300
-300
-300
-300
-300
-300
-150
-300
-300
-155
-300
-300
-300
-300
-300
-300
-300
-300
-300
-300
-300
-300
-300
-300
-300
-300
-300
-300
-300
-300
-109
-300
-300
-300
-300
-300
-300
-300
-300
-300
-267
-300
-300
-300
-300
-300
-300
-300
-300
-300
-300
-300
-300
-300
-300
-183
-300
-300
-300
-300
-300
-300
-300
-300
-300
-300
-300
-300
-300
-300
-300
-22
-300
-300
-300
-300
-300
-300
-300
-300
-300
-300
-300
-300
-53
-300
-300
-300
-300
-300
-19
-300
-300
-300
-300
-20
-300
-300
-300
-300
-300
-16
-300
-300
-300
-300
-300
-300
-300
-300
-300
-300
-300
-300
-300
-300
-300
-300
-300
-300
-300
-51
-300
-300
-300
-300
-300
-300
-300
-300
-300
-300
-300
-300
-300
-300
-300
-300
-300
-300
-300
-106
-300
-45
-300
-300
-300
-300
-300
-300
-300
-300
-300
-300
-300
-300
-300
-300
-300
-300
-300
-300
-300
-300
-300
-300
-300
-300
-300
-300
-300
-300
-300
-300
-300
-300
-300
-300
-300
-300
-300
-300
-300
-300
-300
-300
-300
-300
-300
-300
-300
-300
-300
-300
-300
-300
-300
-300
-300
-300
-300
-300
-300
-300
-300
-300
-300
-300
-300
-18
-300
-300
-300
-300
-300
-300
-300
-300
-300
-300
-300
-300
-300
-80
-300
-300
-300
-300
-300
-300
-300
-300
-300
-300
-300
-300
-300
-300
-300
-300
-300
-300
202
-300
-300
-300
-300
-300
-300
-300
-300
-300
-300
-300
-300
-300
-300
-300
-300
-300
-300
-300
-300
-300
-300
-300
-300
-300
-300
-300
-300
-300
-300
78
-300
-300
-300
-300
-78
-300
-300
-300
-300
-300
-300
-300
-300
-300
-300
-300
-300
-300
-300
-300
-300
-300
-300
-300
-26
-300
-300
-300
-300
-300
-300
-300
-300
-300
-300
-300
-300
-300
-300
-300
-300
-300
-300
-300
-142
-47
-300
-300
-300
-300
-300
-98
-300
-300
-300
-300
-300
-300
-300
-300
-300
-300
-300
-300
-300
-300
-300
-300
-300
-300
-300
-300
-300
-300
-9
-300
-300
-300
-300
-300
-300
-300
-259
-300
-300
-300
-90
-300
-63
-300
-300
-300
-300
-300
-300
-300
-148
-6
-300
-300
-300
-300
-300
-300
-300
-300
-300
-300
-300
-300
-20
-300
-300
-300
-300
-300
-300
-300
-300
-27
-300
-300
-300
-300
-300
-300
-300
-300
-300
-300
-300
-300
-300
-300
-86
-300
-300
-300
-187
-300
-300
-300
-300
-89
-300
-300
-300
-109
-300
-300
-300
-300
-300
-81
-300
-288
-38
-300
235
-300
-300
-300
-9
-300
-300
-300
-300
-300
-300
-44
-300
-300
-300
-300
-300
-300
198
-300
-56
-61
-300
-300
-300
-300
-300
-300
-300
-300
-153
-300
-300
-300
-300
-152
-300
-300
-300
-300
-300
-300
-300
-300
-300
-300
-178
-300
-300
-300
-300
-300
-300
-300
227
-223
-300
-300
-171
-300
-300
-300
-110
45
-300
-300
78
-300
-300
-300
-300
-300
-300
-300
-300
-300
-300
-300
-300
-300
-300
-300
-300
-300
-300
-63
-300
-300
-122
-83
-300
-300
-300
-300
-300
-300
-300
-300
-300
-300
-300
-52
-300
-300
-300
-300
-300
-300
-103
-300
-300
-300
-300
-300
-300
-300
-300
-300
-300
-300
-300
-300
-300
-300
-300
-300
-300
-300
-300
-300
-300
-300
-124
-300
-52
-300
-300
-51
-300
-300
-300
-300
-300
-106
-300
-300
-300
-300
-300
-300
-300
-300
-300
-300
-300
-300
-300
-300
-300
-300
-227
-300
-300
-258
-300
-300
-300
-300
-300
-300
-300
-300
-300
-300
-300
-300
-300
-145
-300
-300
-300
-300
-300
-100
-300
-61
-300
-300
-300
156
-300
-300
-300
-300
-300
-300
-300
-267
-177
-149
-300
-300
-300
-300
-300
-300
-300
-300
-139
-300
-300
-300
-300
-300
-300
-182
-300
-300
-300
-300
-300
-300
-300
-300
-300
-300
-238
-300
-300
-300
-251
-300
-300
-300
-300
-300
-300
-300
-300
-274
-300
-144
-231
-300
-300
-300
-300
-300
-300
-300
-300
-257
-300
-300
-300
-300
-300
-300
-300
-300
-264
-300
-300
-300
-300
-300
-300
-300
-300
-300
-300
-300
-300
-300
-300
-186
-300
-300
-296
-300
-300
-300
-300
-300
-300
-300
-300
-300
-300
-300
-300
-96
-300
-264
-300
-300
225
-300
-300
-300
-300
-300
-13
-300
-300
-300
-300
-300
-300
-300
-84
-300
-300
-54
-300
-300
-217
-155
-300
-300
-300
-300
-300
-300
-300
-300
-300
-300
-300
-300
-300
-300
-300
-300
-300
-300
-300
-300
-300
-300
-300
-300
-300
-300
-300
-300
-300
-300
-300
-300
-300
-300
-300
-300
-300
-300
-300
-300
-300
-300
-300
-300
-300
-300
-300
-300
-300
-300
-300
-300
-300
-300
-300
-300
-300
-300
-300
-300
-300
-300
-300
-300
-300
-300
-300
-58
-300
-300
-300
-300
-300
-300
-300
-300
-300
-212
-300
-300
-300
-300
197
-300
-300
-300
-300
-300
-112
-300
-300
-300
-300
-300
-300
-300
-300
-300
-300
-6
-300
-300
-300
-300
-300
-300
-300
-300
-300
-300
-300
-300
-300
-300
-300
-300
-300
-300
-300
-300
-300
-300
-300
-300
-300
-300
-300
-300
-300
-300
-300
217
-300
-300
-300
-53
-300
-300
-78
-70
-300
-300
-300
-300
-300
-300
-300
-300
-300
-300
-300
-300
-66
-300
-300
-54
-300
-300
-300
-300
-300
-300
-300
-300
-300
-300
-300
-300
-300
-300
-300
-300
-300
-42
-300
-300
-300
-300
-300
-300
-300
-300
-300
-300
-300
-36
-300
-300
-300
-77
-300
-300
294
-300
-300
-300
-300
-300
-300
-300
-300
-300
-300
-300
-98
-300
-27
-300
-300
-300
-300
-300
-300
-300
-300
-300
-268
-300
-300
-300
-300
-67
-300
-300
-300
-300
-300
-300
-137
-300
-300
-300
-300
-300
-300
169
-104
-300
-300
-300
-256
-300
-300
-300
-300
124
-300
-300
-300
5
-279
-300
-300
-300
-300
-300
-300
-300
-300
-106
-300
-134
-300
-300
-300
-300
-300
-300
-300
-300
-300
176
-300
-300
-300
-31
-294
-300
-300
-300
-300
165
-300
-41
-300
72
-300
-147
-300
-300
-300
-236
-275
-300
-300
-300
-300
-300
-300
-300
-300
-300
-300
-300
-300
-300
-300
-300
-300
-300
-300
-300
-300
-300
-300
-300
-300
-300
-300
-300
-300
-300
-300
-118
-300
-300
-300
-300
-300
-300
-300
-300
-300
-300
-300
-300
-300
-300
-300
-300
-300
-300
-300
-300
-300
-300
-300
17
-300
-300
-300
-300
-300
-300
-300
-300
-300
-300
-300
-300
-300
-300
-300
-114
-300
-80
-300
-300
-300
-300
-300
-300
-300
-300
-300
-300
-300
-300
-300
-300
-300
-300
-300
-300
-300
-300
-300
-300
-300
-300
-300
-300
-77
-121
-300
-300
-300
-300
-300
-300
-300
-300
-300
-300
-300
-300
-300
-300
-300
200
-300
-300
-300
-300
-300
-300
-300
-300
-300
-300
-300
-300
-300
-300
-300
-300
-300
-300
-300
-300
-300
-300
-300
-300
-300
-300
-300
-300
-300
-300
-300
-300
-300
-300
-300
-300
-300
-300
-300
-300
-300
-3
-300
-300
-300
-300
-300
-300
-300
-300
-300
-300
-300
-300
-300
-300
-300
-300
-300
-300
-300
-300
-57
-300
-35
-300
-300
-300
-300
-300
-58
-300
-300
-48
-300
-300
-61
-300
-300
-300
-300
-300
-300
-300
-300
-300
-300
-300
-300
-300
-300
-300
167
-300
-300
-300
-300
-300
-300
-300
-300
-300
-300
257
-300
-300
-300
-300
-300
-300
-300
-300
-300
-300
-300
293
-300
-300
-300
-300
-300
-300
-14
-300
-300
-300
-300
-300
-300
-300
-300
-300
-300
-300
-300
-300
-300
-300
-300
-90
-300
-300
-300
-300
-300
-300
-300
-300
196
-300
-300
-300
-61
-300
-300
-300
-300
-300
-300
-300
-300
-300
-300
-300
-300
-300
-300
-300
-300
-300
-300
-300
-300
-300
-300
-300
-300
-300
-300
-300
-300
-300
-300
-300
-300
-300
-300
-300
-300
-300
-300
-300
-54
-300
279
-300
-300
-300
-300
-300
-300
-300
-300
-300
-300
-300
-300
-300
-300
-300
-300
-300
-300
-300
-300
-300
-300
-300
-300
-300
-300
-300
-300
-300
-300
-300
-300
-300
-300
-300
-93
-131
-300
-300
-300
-300
-300
-300
-77
-300
-22
-300
-300
-300
-300
-300
-300
-76
-300
-300
-300
-300
-300
-300
-300
-300
-300
-300
-300
-300
-300
-300
-300
-300
-300
-300
-300
-300
-300
-300
-300
-96
-300
-300
-300
-111
-300
-300
-300
-300
-300
-300
-300
-300
-300
-300
-300
-300
-300
-300
-300
-300
-300
-300
-300
-88
-300
14
-300
-300
-300
-300
-300
-300
-300
-300
-300
-300
-300
-300
-300
-300
-300
-300
-300
-300
-300
-300
39
-300
-300
-300
-300
-153
-300
137
-300
-300
-300
-300
-300
-300
-300
-300
-300
-300
-300
-300
-290
-300
-300
-300
-300
-300
-172
-18
-300
-300
-241
-300
-300
-300
-300
-12
-300
-95
-300
-300
-300
-300
127
-300
-300
-300
-300
-300
-300
-300
-300
-300
-300
-300
-300
-300
-300
-300
-300
-147
-300
-300
-300
-282
-80
-300
-300
-300
-300
-300
-33
-100
-300
-98
-300
-300
-300
-83
-300
-26
-300
-300
-300
-99
-300
-300
-300
-300
-300
-80
-300
-93
-300
-259
-300
-300
-300
-300
-300
-151
-300
-300
-300
-300
-300
-119
-300
-300
-300
-300
-126
-300
-300
-300
-300
-300
-300
-300
-300
-300
-300
-300
-300
-300
-102
-300
-300
66
-300
-300
-300
-300
-300
-300
235
-300
-300
-300
-137
-300
-269
-300
-86
-300
-300
-300
-300
-300
-300
-300
151
-300
-168
-300
-300
-300
-173
-300
-300
-300
-300
-300
-300
-300
-300
-300
-11
-300
-300
-300
-300
-18
-300
-148
-300
-300
245
-300
-300
-300
-300
-300
-300
-300
-300
-300
-300
-300
-198
-284
-300
-300
-300
-300
-300
-129
-300
-300
-300
-300
-300
-300
-300
-300
-33
-300
-300
-300
-300
-300
-300
-300
-300
-300
-300
-300
-300
-300
-300
-292
-300
-300
-300
-70
-300
-300
-300
-300
-300
-300
-82
-300
176
-300
-300
-300
-300
-300
-300
-190
-94
-300
-300
-300
-300
-300
-300
-300
-300
-300
-300
267
-300
-300
-300
-300
-137
-300
-300
-300
-300
-300
-300
-300
-300
-300
-300
-300
125
-300
-198
-300
-300
-84
-300
-300
-67
-300
-300
-30
-300
-82
-300
-300
-300
-300
-300
-300
-300
-300
-84
-300
-300
-300
-300
-300
-300
-300
-300
-300
-300
-300
-300
-300
-300
-300
-300
-300
-300
-300
-300
-300
-300
-300
-300
-300
-300
-300
-300
-108
-300
-109
-300
186
-195
-300
-300
-300
-300
-300
-300
-300
-300
-300
-300
-300
-300
-166
-300
-148
-300
-300
-300
-300
-300
-300
-28
-300
-123
-300
-300
-300
-300
-300
-300
-300
-300
-24
-27
-300
-300
-300
-300
-300
-94
-300
-300
-300
-300
-300
-300
-300
-300
-300
-300
-142
-300
-300
-300
-300
-300
-300
-300
-300
-300
-300
-300
-300
-300
-300
-300
-300
-300
-300
-300
-300
-300
-300
-300
-300
-300
-300
-300
-300
-300
-300
-300
-56
-300
-300
-300
-300
-300
-300
-300
-300
-300
-300
-300
-300
-300
-300
-300
-300
-66
-300
-300
-300
-300
-300
-300
-300
-300
-300
-300
-300
-300
-300
-300
-300
-300
-300
-300
-68
-300
-300
-300
-300
-300
-300
-300
-300
-300
-300
-300
-300
-300
299
-300
-300
-300
-95
-300
-300
-300
-300
-300
-300
-300
-300
-300
-300
-300
-300
-300
-300
-300
-300
-300
-300
-300
-300
-300
-300
-300
-300
-300
-300
-100
-160
-300
-300
-300
-300
-300
-300
-212
-300
-300
-300
-10
-300
-152
-300
-300
-300
-300
-300
-300
-300
-300
-92
-300
-300
-300
-300
-300
-300
-300
-300
-300
-300
-174
-300
-300
-89
-300
-300
-300
-300
-151
-300
-300
-300
-300
-300
-300
-300
-300
-300
-300
-300
-300
-300
-300
-300
-73
-190
-86
-300
-300
-300
-300
-300
-300
-300
-300
-300
-300
-300
-300
-300
-297
-300
-300
-300
-300
-300
-218
-300
-300
-300
-300
-300
-300
-300
-300
-300
-300
-300
-300
-300
-300
-300
-300
-300
-300
-66
-300
-300
-54
-120
-300
-300
-300
289
-300
-262
-300
-300
-300
-300
-91
-300
-300
-300
-300
-300
-300
-300
-300
-300
-300
-300
-299
-300
-300
-300
-300
-300
-300
-21
-300
-300
-300
-188
-300
-300
-300
-300
-300
-300
-300
-300
-24
-105
-300
-300
-300
-207
-300
-300
200
-300
-300
-300
-300
-300
-300
178
-300
-300
-300
-300
-16
-300
-300
-150
-165
-300
-300
-300
-159
-300
-300
-300
-300
-300
-11
-300
-300
-300
-300
-300
-300
-185
-300
262
-300
-300
-300
-300
-300
-300
-300
-300
-300
-300
-267
-300
-300
-300
-300
-300
-300
-300
-90
-300
-300
-300
-300
-300
-300
-227
-300
-300
-300
-300
-300
-300
-300
-300
-101
-300
-300
-300
-300
-300
-300
-300
-300
-300
-300
-300
45
-300
-300
-300
-300
-300
-300
-300
-300
-300
-300
-300
-300
-300
-300
-300
-300
-300
-300
-300
-300
-300
-300
-300
-300
-300
-300
-300
-249
-300
-300
-300
-300
-300
-300
-300
-300
-300
-300
-300
-300
-300
-300
-300
-300
-300
-300
-300
-300
-300
-300
-300
-300
-300
-300
-300
-300
-300
-300
-300
-223
-300
-68
-300
-300
-300
-300
-300
-300
-300
-197
-300
-300
-300
-164
-300
-300
-300
-300
-300
-300
-300
-300
-300
-300
-300
-300
-300
-300
-300
-300
-300
-300
-300
-300
-300
-11
-300
-92
-300
-300
-300
-300
205
-300
-300
-300
-300
-300
-300
-300
-300
-300
-300
-64
-300
-300
-300
-300
-300
-300
-300
-300
-300
-300
-289
-300
-63
-300
-300
-300
-192
-300
-300
-85
-300
-300
-300
-300
-300
-66
-300
-300
-300
292
-300
168
-300
-300
-300
-300
-220
-300
-300
-300
-300
-300
-300
-300
-88
-300
-300
-207
-300
-300
-300
-92
-300
-300
-142
-134
-33
-291
-300
-300
-300
-300
-300
-300
-300
-300
-300
-300
-300
-300
-300
-300
-300
-300
-199
-300
-300
-300
-300
-10
-300
-300
-300
-300
-300
-300
-300
-300
-300
-300
-144
-229
-300
-300
-300
-300
-107
-300
-300
-300
-300
-300
-300
-300
-300
-300
-300
-300
-300
-300
-300
-300
-300
-300
-300
-300
-300
-300
-300
-300
-300
-300
-300
-300
-300
-300
-300
-300
170
-9
-300
-300
-300
-300
-300
-300
-300
-300
-300
-300
-300
-102
-300
-300
-300
-300
-18
-300
-300
-300
-300
-300
-300
5
-300
-300
-51
-300
-300
-300
-300
-300
-300
-300
-300
-300
-300
-300
-300
-300
-300
-300
-300
-300
-300
-300
-300
-300
-300
-300
-32
-300
-300
-300
-300
-300
-131
-300
-300
-300
-300
-300
-300
-300
-300
-300
-300
-300
-300
-300
-300
-300
-300
-300
-300
-300
-91
-300
-300
-300
-300
-300
-300
-300
-300
-300
-300
-300
-19
-88
-300
-300
-300
-300
-300
-300
-300
-300
-122
-300
-300
-300
-300
-300
-300
-300
-300
-300
-300
-286
-300
-300
-86
-288
-300
-300
-300
-300
-129
-300
-300
-300
-300
-300
-300
-300
-300
-300
-300
-300
-273
-300
-300
-300
-300
-300
-300
-300
-300
-300
-300
-78
-300
-300
-300
-300
-300
-300
-300
-300
-300
-300
-300
-300
-187
-300
-30
-300
-300
-300
-300
-300
-300
-300
-260
-300
-300
-300
-300
-300
-300
-300
-300
-300
-300
-300
-300
-300
-300
-300
-300
-300
-300
-300
-300
-300
-300
-300
-300
-300
-300
-94
-300
-21
-300
-300
-300
-300
-300
-300
-300
-300
-300
-141
-300
-300
-300
-300
-300
-300
239
-300
-300
-300
-300
-300
-300
-300
-300
-225
-300
-300
-300
-300
-300
-109
-300
-300
-300
-300
-300
-300
-300
-300
-300
-300
-184
-300
-300
-300
-300
-300
-300
-300
-300
-300
-300
-142
-300
-300
-300
-300
-139
-300
-300
-300
-300
-300
-300
-300
-300
-300
-300
-102
-300
-300
-300
-102
-300
-300
-300
-300
-300
118
-300
-300
-300
-300
-300
-300
-300
-300
-300
-300
-300
-300
-300
-300
-300
-300
-300
-300
-300
-300
-300
-300
-300
-300
-300
-300
-300
-300
-300
-300
-300
-134
261
-300
-300
-300
-300
-300
-300
-300
-300
-216
-300
-300
-300
-300
172
160
-300
-300
-300
148
-299
211
-300
-300
-53
-300
-300
-300
-300
-300
-300
-300
-300
-300
-300
-300
-300
-300
-300
-300
-300
-232
-300
-300
-300
-300
-300
-300
-31
-300
-300
-300
-300
-300
-300
-300
-300
-90
-15
-300
157
-300
-300
-300
-300
-300
-300
-300
-300
-300
-300
-300
-300
-300
-123
-300
-300
138
-300
-300
-300
-300
-300
-300
-300
-300
-300
-300
-300
-300
-300
-300
-300
-300
-300
-300
-300
-300
-300
-300
-300
-300
-300
-300
-300
-300
-300
-300
-300
-300
-300
-300
-300
-300
-300
-300
-300
-300
-300
-300
-300
-300
-300
-300
-300
-300
202
-300
-300
-300
-165
-300
-57
-300
-8
-300
-300
-300
-300
-92
-300
-300
-300
83
-300
-300
-300
-300
-300
-300
-300
-300
-300
-86
-300
-300
-300
-300
-242
-300
-300
-300
-300
-300
-300
-300
-300
-300
-300
-300
-300
-300
-300
-300
-300
-300
-300
-300
-21
-300
-300
-300
-300
-300
-300
-300
-300
-300
-300
-300
-300
-300
-300
-25
-300
-300
-300
-300
-300
-300
-300
-300
-136
-300
-300
-300
-300
-300
-300
230
-300
-300
-300
-300
-300
-300
-300
-300
-300
-300
-300
-300
-300
-300
-300
-300
-300
-300
-300
-300
-300
-300
-300
-300
-300
-300
-300
236
-300
-300
-300
-300
-300
-300
-60
-300
-300
104
-300
-300
-300
-300
-300
-130
-300
-300
-300
-300
-300
-300
-300
-300
-300
-300
127
-300
-300
-300
-300
-300
-300
-300
-300
-300
-300
-300
-300
-53
-287
-300
-300
-300
-300
-300
-300
-300
-300
262
-300
-300
-300
-11
-300
-300
-300
-300
-300
-300
-300
-300
-300
-300
-300
-300
-300
-300
-300
-300
-300
-113
-300
-300
-300
-300
-300
-300
226
-300
-300
-300
-300
-300
-300
-300
-300
-300
-300
-300
-300
-300
-300
-46
-300
-300
-300
-300
-300
-300
-300
-300
-300
-300
-300
-300
-300
-300
-300
-300
-7
-300
-300
-300
-300
-300
-300
-300
-300
-300
-300
-300
-300
-134
-300
-300
-300
-300
-300
-300
-300
-300
-300
-300
-300
-300
-300
-300
-300
-300
-300
-300
-25
-300
-300
-300
-300
-300
-300
-300
-300
-300
-300
-300
-300
-300
-120
-300
-300
-300
-300
-300
-300
-300
-300
-300
-300
-300
-300
-300
-242
-300
-300
-300
-300
-300
-300
-160
-300
-300
-300
-300
-300
-300
-300
-300
-300
-300
-300
-300
-300
-300
-300
-300
-300
-300
-90
-300
-300
-300
-300
-300
-129
-300
235
-300
-300
-300
-300
-300
-300
-300
266
-300
-300
-300
-300
-300
-300
-122
51
-300
-300
123
-300
-300
-300
-300
-300
-212
-300
-300
-300
-300
-300
-300
-300
-281
-300
-300
-113
-300
-300
-300
-300
-300
-300
-151
-300
-115
-300
-300
-300
-300
97
-300
-39
213
-300
-300
-300
-300
-300
-300
-300
-300
-300
69
-300
-300
194
-12
-153
-300
-300
-300
-300
-300
-300
-300
-300
-300
-300
-300
-300
-300
-300
-300
-300
226
-300
-300
-300
-300
-300
-300
-300
-300
-300
-300
-300
-58
-6
-300
-300
-300
-300
-114
-300
-300
-300
-300
-300
-300
-300
-300
-300
-300
-300
164
-300
-300
-94
-300
-300
167
-300
-300
-300
139
1
34
-300
262
-300
-300
-300
-300
-300
-300
-300
-300
-300
-300
-300
-300
-164
-300
-300
-61
-300
-300
-82
-300
-300
-300
-300
-88
-300
149
-300
-300
-300
-300
-300
-300
-300
-300
-300
-300
-300
-300
14
166
-300
-300
-300
-300
85
-300
-300
-300
-300
-300
-300
-300
-300
-300
-300
-300
-300
-300
-300
-90
-300
-300
146
-300
291
-300
-300
-300
-300
-300
-300
-300
-300
-300
-300
-300
-17
-300
-15
-300
268
-300
-300
-300
-300
-300
169
-300
-300
-300
-300
-300
-300
-300
-300
-300
-300
-300
-300
-300
-300
-300
-300
-300
-300
-81
291
-300
-108
-300
-300
-300
-300
-300
-300
-300
-300
-300
-300
-300
-300
-300
-300
-300
129
-300
-104
278
-300
-300
-300
-300
-300
-300
-300
-300
-300
-300
-300
-300
-300
-300
-300
-300
-300
-300
-300
-300
-300
-300
-300
-300
-300
-300
-300
-300
-300
-300
-300
-300
-300
-187
-300
-300
-300
-300
-300
-300
-300
-300
-300
-300
-300
-300
-300
-70
-300
-300
-300
-300
-300
-300
146
-300
-300
-300
-300
-300
-300
-300
-300
-300
-300
-300
-300
-300
-300
-20
-300
-300
-300
-300
-300
-300
-300
-300
-300
-300
-300
-300
-300
-300
-300
-300
-300
-300
-300
-77
-300
-52
-300
-300
-300
-300
-300
-300
-300
-300
-300
-300
-300
-300
-300
-300
-300
-300
-300
-300
-300
-300
-300
-300
-300
-300
-300
-300
-300
-300
-300
-82
-300
-300
-103
-300
-300
-300
-300
-300
-300
-300
-300
-300
-300
-300
-300
-300
-101
-84
-300
-300
-300
-300
-300
-300
-300
-300
-300
-300
-300
-300
-300
-300
-300
-32
-300
-300
-300
-300
-300
-300
-300
-300
-300
193
-300
-300
-300
-300
284
-300
-300
-300
-300
-300
-300
-300
-300
-300
-300
-300
-300
-300
-300
-300
-300
-300
-300
-300
-300
-300
-300
-300
-300
-300
-300
-300
-300
-300
-91
-300
-300
-300
-26
-300
-300
-300
-300
-300
-300
-300
-300
-300
-300
-300
-300
-300
-300
-300
-300
-300
-300
-300
-300
-300
198
-300
-300
-300
-300
-300
-300
-300
-300
180
-300
-300
-300
-300
-300
-300
-300
-300
-300
-300
-300
-300
-300
-300
-300
-300
-300
-300
-67
-300
-300
-300
-300
-300
-300
-300
-300
-300
-147
94
-277
-125
-300
-300
-300
219
155
-300
-300
-300
127
-300
-300
-300
-300
-300
48
-300
-300
-300
-300
191
-300
-300
-300
-300
-300
-300
-84
-300
-300
-300
-300
-300
-300
236
-300
-300
135
-300
265
-300
-300
-300
-300
-300
-229
-300
-300
-184
-300
-300
-300
-300
-300
-300
-300
-300
-300
-85
-300
-300
-300
-300
-300
-300
-300
-300
-300
12
-300
-300
-300
-300
-300
-260
-300
-300
-132
-300
-300
-300
-300
-300
-300
-300
-300
-300
-300
-300
-300
-300
-300
-300
-300
-300
-300
-13
-300
-300
-300
-300
-300
-300
-300
-300
-300
-300
-300
-300
-105
-300
-300
-300
-300
-300
-300
-300
-300
-300
-300
-300
-157
-300
-300
-300
-300
-300
-300
-300
-300
-300
-300
-160
-300
-300
-300
-300
-300
-300
-300
-300
128
-300
-300
-300
-300
-300
-300
-300
-300
-300
-211
-300
-300
-300
-300
-300
-300
-300
-300
-300
-300
-300
-300
-300
-300
-300
-300
-300
-300
148
-300
-300
191
-300
-300
-300
-300
-300
-300
-91
-300
-264
-300
-300
-300
-300
-300
-300
-300
-176
-300
-124
-300
226
63
-300
-300
-300
-300
-300
-300
-146
-300
-300
-300
-300
-229
-300
-300
-300
-300
-300
-300
-300
-46
-300
-300
-300
247
-300
-300
-300
-300
-300
-237
-300
-300
-300
-300
-300
-300
-300
-229
-300
-173
-300
-81
-300
-300
-161
-105
289
-129
-300
-300
-300
-300
-300
-82
-187
-300
-300
-300
-300
-300
190
-74
-300
-300
-300
-300
-300
193
185
-300
-300
-300
-300
-300
-300
-300
-300
-300
-300
-300
-300
-300
-96
-300
-300
-300
-300
278
-72
-300
-300
-300
-100
-300
-300
-300
-300
-300
-300
-300
-300
-300
-300
-154
-300
-300
-300
-300
-184
-300
-300
-300
-300
-300
-300
-300
-300
-300
-300
-300
-300
-242
-300
-300
-300
-123
-300
-151
-300
-300
-300
209
-149
-300
-300
-300
58
-300
-169
86
-300
-300
-300
-106
-300
-300
-300
-300
-300
-300
-300
-150
-300
-293
-300
-300
-300
-213
-300
-300
-300
-300
-300
-300
-300
-300
-300
-300
-300
-300
-300
-300
-300
-300
-300
-300
-300
-42
-300
-300
-79
-199
-300
-300
-300
-107
-300
-300
-300
-300
-300
-300
-300
-300
-300
-300
-300
-300
-300
-300
-300
-300
-71
-300
-300
-76
-300
-300
217
-300
-300
-300
-300
-300
-107
-300
-300
-300
-300
-300
-300
-300
-300
-211
-300
-300
-300
-300
188
-300
-300
-300
-300
253
-300
-300
-300
-300
-300
-300
-300
-76
-300
-300
-300
-300
-300
-121
-300
-300
-184
-300
-300
-300
-300
-49
-300
-300
-300
-300
-300
-300
-300
-300
-300
-300
-300
-300
-300
-300
-300
-300
-300
-300
-300
-300
-300
-83
-300
-300
-300
-300
-300
-300
-31
-300
-300
-300
-300
-300
-300
-300
-300
-300
-300
-300
176
-110
-300
-300
-300
-300
-300
-300
-300
-300
-300
-300
-300
-300
-300
-300
-300
-300
-300
-300
-300
-300
-104
-300
-300
-300
-300
214
-300
-300
-300
-300
-300
-300
-300
-300
-300
-300
-300
-300
-300
167
-300
-300
-300
-300
-300
-300
-300
-300
-300
-300
-300
-300
-300
-300
-300
-300
-300
-300
-300
-300
-300
-300
-300
-300
-300
-300
-300
-300
-300
-300
-300
-300
-300
-300
-300
-300
-300
-300
224
-300
-300
-300
-300
-300
-300
-300
-300
-300
-300
-300
-300
-300
-300
-300
-300
-300
-300
-300
-300
-300
-300
-300
-300
-300
-300
-300
-300
-300
265
-300
-300
-300
-300
-300
243
-300
-300
-300
-300
-300
-300
-300
-300
-300
-300
-300
-300
-300
-300
-300
-300
-300
-300
-300
-29
-300
-300
-300
-300
-300
-300
-300
-300
-300
-300
-300
-300
-156
-300
-300
-300
-300
-300
-300
-300
-300
-300
-300
-300
-300
-300
-300
-300
-70
-135
-300
-300
-300
-300
-300
-300
-300
-300
-300
-300
-300
-140
-300
-300
-300
-300
-300
-300
-300
-300
-300
-300
-126
-300
-300
-300
-300
-300
-300
-300
-300
-60
-300
-300
-300
-300
-300
-300
-300
194
-300
-300
-100
-300
-300
-300
-300
-300
-300
-300
-300
-300
-300
-300
-300
-300
-300
-112
-300
-300
-300
-300
-300
-300
-300
-300
-300
-300
-300
-300
-300
-300
-300
-300
-300
-300
-300
-300
-300
-112
-300
-300
-300
-300
-300
-300
-300
-300
-300
-300
-300
-300
-300
-300
152
-300
-300
-300
-300
-300
-300
-300
-68
-300
-300
-300
-300
-300
-55
-300
-300
-300
-300
-300
-300
-300
-70
237
-300
-300
-300
-300
-300
-300
194
-300
-300
-300
-300
-109
-300
-300
-300
-300
-300
-300
-300
-300
111
-300
-300
-300
-300
-300
-300
-300
-300
-300
-300
-300
-300
-300
-300
275
-300
-300
-300
93
-300
-300
-300
210
-128
-300
-300
-300
-300
-300
-300
-300
-300
-300
-300
-300
-300
-300
-300
-300
-300
-300
-300
-300
-300
-300
-300
-300
-300
-133
-300
-300
-100
-300
-300
-300
-300
-300
-300
-300
-300
-300
-300
-300
-300
-300
-300
-300
-300
-300
-300
204
-300
-300
-300
-300
-300
-300
-300
-300
-300
-159
-300
-300
-300
-300
-300
-300
-300
-300
-300
-300
-300
-300
-300
153
-300
216
-300
-300
-300
-300
-300
-300
-300
180
-300
-300
-300
-300
-300
-300
-300
-300
-300
-300
70
-300
-300
-300
-300
-300
-300
-300
-300
-300
-82
-300
-56
-300
-300
-300
-300
-300
212
-300
-300
221
-300
-300
-300
-300
-300
-300
-176
-300
-300
-300
-300
-27
-172
-300
192
-300
239
-300
225
-300
-300
-300
-130
-300
-300
-300
-166
-300
-183
-174
-300
-300
-300
194
-300
-300
-300
96
-300
-182
-300
-300
-300
-300
-300
-300
-300
-300
-300
81
4
-300
127
-300
-300
-300
-300
-300
-300
-300
-300
-300
-300
-300
-300
-300
284
-300
-63
-300
-113
255
178
-300
-300
-300
-151
-300
-300
-300
-300
106
-300
-300
-300
-300
-133
-300
-300
-300
-300
-82
-300
-242
-300
-300
-300
-300
-300
-300
-89
-300
-300
-300
-300
-300
-300
-300
-128
-300
-300
-300
-300
-270
-300
-300
-300
-300
-300
-300
-300
-300
-300
-300
-300
-300
-146
-300
-300
-300
-300
-300
-300
-300
-300
-300
-300
-300
-300
-300
-300
-300
-300
-300
-300
-300
-300
-300
-300
-300
-300
-300
-300
-300
-300
-300
-300
-300
-50
-300
270
-300
-300
-300
-300
-300
-300
-300
-300
175
-300
-300
-300
-300
264
-300
-300
-38
-300
-300
-300
191
-225
261
-300
-300
-300
-300
-148
-300
-300
-300
-300
-300
-300
-300
-300
-300
254
-300
-300
-300
-300
-300
-300
-300
-300
-300
-300
-300
-300
-300
-300
-300
-300
-300
-300
-300
-300
-300
-300
-300
-300
-300
-300
195
-300
-300
-300
-300
-300
-300
-300
259
-300
-300
-300
-300
-300
-300
-300
-300
-300
-300
-300
-300
-300
-300
-300
-300
-300
-300
-300
-300
-300
-300
-300
-300
-300
-300
-300
-300
-300
-300
-300
-300
-174
-300
-300
-300
-300
-300
-300
-34
-300
-300
-300
-300
-300
-300
-300
-300
-300
-300
-300
-300
-300
-300
-300
-94
-300
-300
-300
-300
282
-300
-300
-300
-300
-300
-300
-300
-300
-300
-300
-300
-300
-300
-300
-300
-300
-300
-300
-300
-300
-300
-300
-300
-300
-300
-300
-300
-300
-300
-300
-300
-300
-300
-300
-300
-300
-300
-92
-128
-300
-300
-300
-300
-300
-300
-300
-300
-300
-300
-300
-300
-300
-105
27
-300
-300
-300
-300
-300
209
-300
-300
-300
-300
-300
-300
59
-300
-300
-300
-300
-300
-300
-300
-75
-300
-99
-300
-300
-300
-300
-300
-300
-300
-300
-300
-300
-300
-300
-300
-300
-300
-300
-300
-300
-300
-300
-300
-84
-300
-300
-300
-300
-300
-300
-300
-300
-300
-300
-300
-191
-21
-300
-300
-300
-300
-300
-300
-300
-300
-300
-300
17
-300
-300
-300
-300
-300
-300
-300
-300
-300
-151
-300
-300
-300
-300
-300
-300
-207
-300
173
-300
-300
-300
-300
237
-300
89
-300
-300
-300
-300
-300
-81
-300
-300
-300
-300
-271
-115
-224
-300
-101
-300
-300
-300
-300
-300
-300
-300
-300
-168
-300
-300
-300
-300
152
-300
-300
-300
88
-300
-300
-300
-300
-300
-300
-300
-300
-300
-300
-300
-300
-300
-300
-300
-300
-300
-168
-300
-300
-300
-300
-300
-250
-300
-300
-300
-300
-225
-300
118
245
-300
-300
-274
-300
-300
-300
-300
-300
-60
-300
-300
-300
-300
-300
-300
-300
-300
-300
-300
-300
-300
-128
-300
-300
-300
-300
-300
-300
-300
-300
-300
-300
-300
-300
-300
-300
-300
-300
-300
-300
-300
-300
-300
-300
-300
-300
-300
-300
-218
-300
249
-300
-300
-300
-300
-300
-300
-300
-300
-300
149
-300
-300
-300
-300
-300
220
-300
-300
-300
246
-300
-300
-300
-300
-300
-300
-300
-300
-300
-214
-300
-179
-300
17
-300
-300
-300
-300
-300
-52
-300
-300
-300
-300
-300
-300
-300
-300
-300
-300
-300
-300
-300
-300
-300
-300
-300
-300
-107
-300
-300
-300
170
-300
-300
-220
-300
-300
-300
-300
-300
-98
-300
-300
-300
-300
-300
-300
-300
-300
-300
-300
-300
-300
-300
-300
-300
-300
-300
-300
-300
-300
-300
-300
-300
-300
-300
-300
-300
-300
82
-300
-300
-300
-300
-300
-300
-16
-99
-300
-300
-300
-300
226
-300
-300
-300
-300
-165
-300
-300
-300
-300
-300
-300
-300
-300
-300
-300
-300
-300
-44
-300
-300
-300
-300
-300
-300
-300
-300
-300
-300
-300
-300
-300
-300
-300
-123
-300
-300
-300
-300
-71
-300
-300
-300
-300
-300
-300
-300
-300
-300
-300
-300
-300
-300
-300
-300
-300
-300
-70
-300
-300
-300
-300
-300
-300
-300
247
-300
-300
-300
-300
-300
-300
-300
-300
-132
-300
-300
-300
-300
-300
-300
-300
-300
231
-300
-300
-300
-300
-300
-300
-300
-300
-300
-300
-300
-300
-300
-300
-300
-300
-148
-112
-300
-300
-300
-300
-300
-300
-300
-300
-300
-300
-300
-300
-300
-300
-300
-300
-127
-300
-163
-300
-300
-300
-300
-300
-300
-300
-300
-300
-300
-300
-300
-300
-300
-300
-300
-73
-300
-300
-300
-300
-300
-300
-300
-300
-300
-300
-64
-300
-300
-300
-300
-300
-300
-116
-300
-300
-300
-300
-300
-300
-300
-300
-300
-300
-300
-300
-300
-300
-300
-300
-300
-300
-300
-300
-300
-300
-300
-300
-300
-300
-55
-300
-300
-300
-300
-300
-300
-300
-300
108
-300
-300
-300
-300
-300
-300
-300
-300
-300
-300
-62
-51
-300
-300
-300
-300
-300
-300
-300
-300
-300
-300
-300
-300
-197
-300
-300
-300
-300
-300
-300
-300
-300
-300
-300
133
-300
-300
-300
-300
-300
-300
109
-300
-300
-30
-300
-300
230
223
-106
-300
-300
-300
-118
-300
-300
-194
-300
-300
-300
-300
-300
-300
-300
-300
-300
-82
-282
-300
-300
215
107
-300
-300
-164
253
-300
-300
-300
-300
-300
-300
-300
-300
-300
-300
-188
244
-142
-300
-300
-300
-300
-300
-300
-300
-61
-300
-300
218
-90
262
-300
-300
-300
-101
254
-300
-300
84
64
-300
172
-300
-300
-300
-300
-300
-300
-300
190
-300
-300
112
-300
-300
-300
257
-300
-300
-300
-300
-300
-300
-300
-300
-300
57
234
179
-300
-300
-111
-300
-148
-300
-300
-300
-300
-300
-300
-92
-148
-300
-300
-300
-158
-300
-300
-300
-300
35
-300
-300
-300
-300
-300
-300
102
-300
-300
-300
162
281
-300
-300
-220
-300
-300
-300
-300
-300
-300
-300
-300
-300
-300
-300
-300
-300
-300
-300
-300
-300
-300
-300
171
-102
-300
-300
-300
-300
-300
-300
-300
-300
-300
-300
-300
-300
-300
-300
-300
-300
226
-300
-300
-300
-300
-300
-300
-300
-300
-300
-300
-300
-300
188
-300
-300
-300
-300
-300
-300
-204
-300
-179
-300
-300
-300
-300
119
-300
-300
249
-300
-300
-300
-300
-300
-300
-300
-300
-300
-300
-300
-300
-300
-300
-300
-300
-300
-195
-300
-300
-300
212
127
-300
-300
-243
-300
-300
-300
-300
-250
-300
-300
-300
-300
-79
-300
-300
-300
-300
-300
-300
-300
-300
-300
-300
-300
-300
-300
-300
-300
-300
-300
-300
-300
-300
-300
-300
-300
-300
-300
-300
-300
-300
-300
-300
-300
-300
-300
-300
-300
-300
-300
-300
-300
-300
-300
-300
-300
-300
-300
-300
-300
-300
-300
-300
-300
-300
-300
-300
-300
-300
-300
-300
-300
-300
-300
-300
-300
-300
-300
-300
-300
-300
-300
-300
-300
-300
293
-300
-300
-300
-300
-300
-300
-300
-300
-300
-300
-300
-300
-300
-300
-300
-300
-300
-300
-300
276
-300
-300
-300
-300
-300
-300
-300
-300
-300
-300
-300
-300
-300
-157
-300
-300
-300
-300
-300
-300
-300
-300
-300
-48
-300
-300
-300
-300
-300
-300
-149
-300
-300
-300
-300
-300
-300
-300
-300
-300
-300
-300
-300
-54
-300
-300
-300
-300
-300
-300
-300
-300
-300
-300
-108
-300
-300
-300
-300
-300
-300
-300
-300
-300
-300
-300
-300
-300
-300
-300
-300
-300
-300
-300
-300
-300
-300
-80
-300
-300
-300
-300
-300
185
-300
-75
-300
-300
-300
-300
-300
-36
-300
-300
-300
-78
-300
-300
-300
-300
-300
-300
-300
-300
-300
-300
-300
-300
-300
-300
-300
-300
-136
-300
-300
-300
-300
-300
-300
-300
-300
-300
-300
-300
-300
-300
-300
-300
-300
-300
-300
-300
-300
-300
-300
-300
-300
-300
-300
-300
-300
-300
-300
-300
-300
-300
-300
-300
-300
-300
-300
-300
-300
-300
-300
-300
-300
-300
-300
-300
-300
-300
-300
-300
-300
-300
-300
-300
202
-300
-300
-300
-300
-300
178
-300
-300
-300
-300
-300
-62
-300
-300
-300
-300
-102
-300
-300
-300
-300
211
-300
-300
-300
-300
177
174
-300
-300
-300
-300
-300
-300
-300
-300
-300
-300
-300
-300
-300
-300
-300
-300
-300
-300
-300
-300
-300
-300
-300
-108
-300
-300
-300
274
-300
-300
-300
287
-300
-300
-107
-300
-300
-4
-300
-300
-300
-300
-300
-300
-300
-300
-300
-300
-300
-300
-300
-300
-300
-300
-300
-300
-300
231
86
-300
-300
-300
-300
-300
-300
-300
-300
-300
-300
-300
-300
-300
219
215
-300
-300
-300
182
-300
-300
-92
-300
-300
-300
-300
-300
-300
-300
-300
-300
-300
-300
-300
-300
-300
-300
-300
-300
-300
-300
-300
-300
-300
-300
-300
-300
-300
-300
-300
-300
-300
-300
-300
-300
224
-300
-300
-300
-300
-300
-300
-300
-300
-300
-36
-300
-300
-300
-300
210
-140
-300
-300
-300
-300
-300
277
-300
-300
-300
-68
-300
-300
-300
-300
-300
-300
-300
-300
-300
-300
-300
-300
-300
-300
191
-300
-268
-300
-300
-300
-300
-300
-300
-300
-300
-261
-300
-300
-300
-300
-270
-300
-191
-300
190
120
-300
-151
-300
-300
-300
-300
-300
-300
-300
-300
-300
-300
136
-152
-300
-300
-300
-300
-300
-300
16
-300
-300
-300
-300
-300
-300
-201
-300
-300
-300
-300
168
126
-300
86
-300
-300
-300
-300
-300
-300
-300
-300
-300
-300
-300
-300
-153
-300
-300
-300
-300
-300
-300
-300
-300
-300
-300
-300
-300
-300
-300
-300
-300
-300
150
-300
-300
-300
-300
-300
-300
-300
-300
-300
-300
-300
-300
-300
-158
-300
-300
180
-300
-300
-300
-300
-300
-300
-300
-300
-300
-300
-300
-300
-300
-300
-300
259
-300
-300
-300
-300
-300
-53
-300
-300
209
-300
-300
-300
-300
-300
-300
-300
-300
206
-300
253
-300
-300
-300
265
-300
-300
-300
-300
-300
-300
-52
-300
-300
-300
-300
-300
-300
-300
-300
-300
-300
-300
-300
-300
-300
-300
-300
-300
-300
-300
-300
-300
208
-300
-300
-300
-300
-300
-300
-300
-300
-300
-96
-300
-300
-300
-300
-300
-300
-300
-300
-300
-300
-300
-300
-300
-300
-160
-300
-300
-300
-300
-300
-113
-300
184
-300
-300
-300
-300
-300
-300
272
-300
-300
-300
-300
-300
-300
-300
-300
-300
-300
-121
167
-300
-300
-208
-300
-300
-300
-300
-300
-300
-300
-300
-300
-300
273
-300
-300
-300
-300
-300
-300
-300
-300
-300
-300
-300
-300
-300
-98
-300
-300
-300
-300
-300
-300
-300
-300
-300
-300
-300
-300
-300
-300
-300
-300
273
-300
-300
-300
-300
-50
-300
-300
-300
-300
-300
-300
-300
-300
-300
-300
-300
-300
-300
-300
-300
127
-300
122
-300
-300
-300
-300
-300
-300
-300
-300
-300
159
-300
-300
-300
-300
259
-300
115
-300
-300
-300
-300
-300
133
-300
-300
217
-300
-300
-300
-300
-300
-300
-300
-300
-300
-300
-300
-300
-300
-300
-300
-300
-300
-300
-300
-300
-300
-300
-300
-33
-72
-300
-300
-300
-300
-300
-300
-300
-300
-300
-300
-300
-54
-300
-300
-300
-300
-300
-300
-300
132
-300
-300
-300
-300
-300
-300
-300
-300
-300
-300
-300
-300
-300
-300
-300
-300
-300
-300
-63
-300
-300
-300
-300
214
-300
-36
-300
-300
-300
-300
-300
-300
-300
-300
-300
-300
-300
-300
-300
144
-300
230
-300
-300
-300
-300
-300
289
-300
-141
-300
74
-300
-300
-300
-300
-300
-300
-300
169
-300
-300
-300
-300
-300
-300
-300
-300
-300
-300
-300
-300
-300
-300
-300
-141
-300
-300
-300
-300
-300
-300
-300
-300
-300
-300
-300
-300
-300
168
221
-300
-300
-300
203
-300
-300
-300
-300
-300
-300
55
-300
-300
-300
-300
237
-300
-300
-300
-300
-300
-300
-300
-300
193
-300
-125
-141
-300
-99
-300
-300
-300
-105
-300
59
-300
-300
-84
-300
-300
-300
-300
-300
168
-300
-300
192
-300
-300
-300
-300
-300
-300
-300
-300
131
-300
-282
-300
-300
-300
-146
-300
-300
-300
-118
-300
-300
-300
-300
-300
-300
-120
-300
-127
-300
-300
-300
-111
-300
205
-127
-285
-163
-300
182
-300
-300
-300
-300
186
-300
-159
-300
272
-300
-300
274
-300
-300
-300
-300
-255
-300
210
-300
-300
-300
-300
-300
211
-300
-300
-300
-300
108
-300
-300
-300
-300
-114
-300
-300
-130
-300
-300
-300
-300
-300
-14
-60
-254
-300
-300
-300
-300
-100
182
-86
-300
-73
-26
-300
-300
-300
-300
-219
-300
-300
-300
-300
-300
-300
-300
-300
-300
-300
-300
-300
-300
135
-300
-300
-300
-300
-300
-300
-300
-300
-300
-189
-300
181
-300
-300
-300
-300
-300
-300
-300
-300
-152
-300
-145
-300
-300
276
-300
-300
-300
-300
-300
-122
-300
-300
-300
-300
-300
-300
285
-300
-76
-300
-300
-300
-300
-300
-300
-300
-300
-300
-300
-300
-300
-300
-300
-134
-170
-300
-300
-95
-300
-300
-300
-300
-300
-300
-300
-300
-300
-300
-37
-300
-300
-300
-300
-300
-300
-300
-300
-300
-300
-300
-300
-103
-300
-300
-300
-300
-300
-300
-300
-265
-300
116
-300
-300
-300
-300
-300
-300
176
-300
-300
-300
-300
-300
-300
-300
-300
-300
-300
-300
-300
-300
-300
127
-300
-300
-300
-249
-300
-300
-300
-300
-300
-300
-300
-300
-300
-300
-300
-300
-300
-300
-300
-300
-300
-300
-300
-300
-300
-300
-300
-300
-300
15
-300
243
-300
-300
-300
-300
-300
-300
-300
-300
-300
-300
-300
-300
117
-300
-300
-300
-300
-300
-300
-234
284
-300
-300
-300
-300
-300
-300
-300
-300
-300
-127
-300
-300
-300
-300
273
-300
-300
-300
-300
-300
-300
-300
-300
-300
-300
-300
-300
-300
-300
-300
-300
-300
-300
196
-300
-300
-300
-300
-300
-300
-300
-300
-30
-300
-300
-300
-300
-300
-300
-300
-300
247
-300
-300
-300
-300
-300
-300
-300
-300
-15
-300
-300
-300
-300
-300
-71
210
-300
-300
-300
-300
-300
-300
-300
-300
-300
-300
-300
-300
-300
-300
-300
-300
-300
-70
-300
-300
-300
-137
-300
-300
144
-300
-300
-300
-300
205
-300
-300
-300
-300
-300
-93
-300
-300
-300
269
-300
-300
-300
-300
-300
-300
-300
-300
-300
-300
184
224
-300
-300
-300
57
-300
-300
-300
-300
-300
-168
-300
-300
-300
-300
-300
-300
-300
-300
-300
-300
-300
-300
-300
-300
-300
-300
-300
-300
-300
-300
-300
-300
-300
-300
173
-300
287
-300
-300
-300
-300
-300
-300
-300
-300
-300
-300
-300
-300
-300
-300
-166
-300
-300
-300
-300
-300
-300
-300
-300
-300
-300
-300
-300
-64
-300
-300
-300
-300
-300
-300
-300
-300
-300
237
-300
239
144
-300
129
-300
-300
-300
-95
-300
-300
-300
-300
180
-300
-300
-300
-300
236
-300
-300
-300
-300
-128
-300
-300
-300
-300
-300
-300
-300
-300
-300
-289
-300
-300
-300
290
-300
-300
-300
-300
-300
-300
-300
-300
202
-300
-300
-300
-300
-300
-300
-300
-300
-300
-300
-300
215
-300
-300
-300
-300
-300
-300
-280
-300
-300
142
-300
-51
-300
264
-300
-158
-300
-300
-300
-300
64
-300
-300
-300
-300
-300
-300
-300
-300
-300
-300
-300
-300
-300
-300
-300
-300
280
-300
-300
-300
-300
-300
-300
-300
-300
-300
51
-300
-300
-300
-300
-300
-300
160
134
-300
-300
-300
-300
-300
-300
-300
-300
-300
-300
133
-210
-300
148
-300
-300
-300
-83
-300
-300
192
-300
-300
-126
-300
-300
207
-300
-300
-300
-300
-300
60
-278
-300
49
-300
-300
-300
-300
-300
-300
-300
-300
-300
-300
-300
-300
-300
-300
-300
-300
-300
-300
-300
-300
-300
-300
-300
-300
-300
-300
-300
-231
-300
-84
-300
98
63
-300
-300
-300
-300
-300
-104
270
-300
-300
-300
-300
-142
-300
-300
110
-300
-300
-300
-300
-300
-300
-300
-300
-300
-300
158
158
-300
-300
-300
-300
-300
-300
-300
-300
-300
-300
-75
-300
-300
-300
-300
-300
207
-300
-300
-300
105
-300
-122
-300
-300
131
-300
-300
-300
-300
-300
-300
-300
-300
-300
-300
-300
-300
-300
-300
-300
-300
-300
-300
-300
-300
-300
-300
-300
-300
-300
-300
-300
-300
-300
-300
-300
-300
211
-300
-188
276
-300
-300
176
-300
-300
-300
-300
-300
-300
-300
269
-300
-300
-300
-35
-300
-300
-300
-300
-300
-300
-300
274
-300
-300
275
-300
-300
-300
224
92
-300
224
-300
-300
-300
-300
-300
-300
-300
-300
-300
-300
-300
-300
-166
-300
-300
-228
-300
-300
182
-300
63
-300
-300
-300
-300
-300
-300
-300
-300
-300
221
-300
180
-300
197
-300
-300
-300
-300
-300
-300
-300
-300
-300
-300
-300
-300
-300
237
-300
-300
-300
-300
-300
-300
-300
-300
-300
-300
-300
-294
-300
-122
-300
-300
-300
-300
-300
-300
33
-300
-300
-300
-300
-300
139
-106
-300
-300
-300
-300
-300
-300
-300
-300
-300
-153
-300
-300
-300
-300
-300
-300
-300
-300
-300
-300
-300
-62
-300
-300
-300
-300
-300
-300
-300
-300
-300
-300
-300
-300
-300
-300
-255
-300
-300
-300
-300
-300
202
-300
-300
50
-300
-300
-300
17
-300
-300
-300
-300
-300
-300
-300
-300
-300
-300
130
-300
-179
-300
-124
-300
-300
-300
-300
-300
-300
-129
-300
-300
-300
-300
-300
-300
-300
-300
-300
-300
-300
-300
-300
-300
-300
-300
-300
-300
-300
155
-300
-300
-300
-300
-300
-300
-300
146
-112
-70
-300
-300
164
-300
-300
-300
-300
-300
-300
-300
-300
-300
-192
-300
-300
-300
-278
-300
-300
-300
-300
-300
-300
-300
-300
-300
-300
-300
-300
-300
-300
-300
-300
-300
-300
-122
-300
-300
-300
-300
-300
-300
-137
-300
-300
-300
-300
-300
-300
-300
-300
-300
-300
-300
-300
-300
-300
-300
-300
-300
-300
-300
-300
-300
-300
-128
-300
-300
-300
-300
-300
-300
-300
-300
-300
-300
-300
-300
-300
-21
-300
-300
-300
-300
-300
-300
-300
-300
-300
192
-300
-300
196
-300
-300
-300
-300
-300
-300
-300
-300
-300
-300
-300
-300
249
-300
-192
-300
-300
-59
-300
-300
-300
-167
-300
-300
-300
-300
-300
-34
-300
-300
-300
-300
-300
-300
-300
-300
-272
-300
-300
-300
-300
-300
186
-300
-300
-300
268
-300
-300
-300
-300
-300
259
-300
-300
-233
-300
-300
-300
-300
-300
-68
-300
-300
-300
-300
-300
113
-300
-300
-77
-300
-300
221
-300
-300
-300
-300
-300
-300
-300
-300
-300
-300
-300
-300
-300
-300
-300
-300
-300
-300
-300
-300
-300
-300
-300
-300
-300
-300
-300
286
-300
-300
-300
-300
-300
-300
-300
-300
298
-300
-300
-300
-300
-300
-300
-300
-300
175
-260
-300
-161
-300
-300
-300
-300
-300
-300
-300
-300
-300
-300
-300
-300
-300
-300
-300
-300
-300
-300
-300
-300
-300
-300
-300
-300
-300
-300
-300
-300
-300
-300
-300
-300
-300
-300
-300
-300
28
-300
-300
-300
-152
-300
-300
-300
-300
-300
-300
-300
-300
-300
-300
-300
203
-300
-300
-300
-300
-300
-300
-300
-300
254
-300
-300
-300
-300
-300
141
198
-300
-300
-300
-300
-106
-300
-300
-300
203
-134
-300
-300
-300
-300
-83
161
-300
-300
-300
-300
106
-300
-300
-300
-300
-300
-300
-300
-300
-300
-300
-300
-165
-300
-122
-300
-300
-300
-300
-300
-300
-300
-300
-300
209
-218
-278
171
-300
-300
-300
-300
-300
-300
165
-300
-144
-300
-300
-300
-300
-300
-300
-300
-300
-300
-300
-300
-300
-300
-300
-300
-300
-300
147
-300
-300
-300
-300
-300
138
-300
-300
189
-300
-300
-300
-300
-300
-300
-300
-300
-300
-300
-300
-118
-300
-300
-300
-300
-300
-300
-300
-300
-300
-300
-60
-300
270
-300
-65
-300
-300
-300
-14
131
-300
-300
-300
-300
-300
-300
40
-300
-300
-300
-300
-300
-300
-300
-300
206
-300
-300
-300
-300
-300
-300
-300
-300
-300
-300
-300
-300
-300
-300
-300
-300
-300
-300
-300
-177
-299
-300
-300
-300
-300
126
150
-300
-300
-300
-300
-300
123
59
-300
-300
-300
-300
-142
-300
-300
-300
252
-300
-300
-300
-300
-300
-300
-300
-300
-300
-300
-116
-300
-300
-300
-300
-300
205
-300
-300
-159
-138
-300
-300
-300
-300
-300
-300
134
-300
-166
-300
-300
-300
-140
-300
-300
-300
-300
-300
272
-300
-300
-300
60
-300
-300
-300
-300
-300
-300
-263
204
-232
-300
251
168
-300
165
-300
-300
220
-300
-300
-300
162
-300
-108
-300
-300
-300
144
-300
-300
-300
-300
-300
-300
-300
-300
-300
-300
-300
-300
-300
245
-300
-300
-300
-300
-300
-252
-300
-300
-183
-300
-300
-300
-300
-300
-300
-300
-300
-300
-300
-300
149
6
278
-300
-300
-300
143
138
-300
-300
271
-300
171
-300
-300
-300
-300
-300
-300
-300
-300
-300
-300
-300
-300
-300
139
218
-300
-300
-300
-300
282
-300
-300
157
250
-300
-300
-300
-300
-300
-300
158
-300
-300
-300
-300
-300
84
-300
132
-300
-300
242
-300
-300
-300
-300
-300
-300
-300
-300
-300
-300
-300
-300
87
-300
-168
-300
-300
-300
-14
-300
-300
103
-300
196
-300
-300
-300
-300
-300
-300
-300
-300
-300
19
-300
-300
115
108
-300
-300
-300
-300
-300
-300
-300
-300
-300
-300
-300
-300
-300
-300
-300
-300
15
-300
-300
-300
-300
156
-300
-300
-300
84
-300
-21
275
-300
-300
-300
-300
-300
-300
-300
-300
-300
3
-300
-300
106
-300
-300
-300
-300
-300
-300
-300
-300
-300
-300
-300
-300
-300
-300
17
-300
-300
171
-225
-300
-300
-300
-300
-300
-300
125
-300
-300
-300
-300
-300
-300
-300
-300
112
-82
-300
-300
-300
-300
-300
-300
-300
-300
-300
-300
-300
-161
-300
-300
-300
-300
153
-300
-300
-300
-300
-300
-300
-300
-300
-300
-300
-300
-300
14
-300
-300
-300
-300
-300
-300
-300
-300
-153
-300
-300
-300
138
193
-300
282
50
-300
-300
-300
-300
-300
-300
-300
-300
-300
219
-300
-300
-300
-300
-300
-300
274
-300
-300
-300
-300
-300
-300
-300
-300
-118
-300
-300
-300
-300
-300
211
-300
31
-300
-300
56
-300
-300
-300
-300
-300
-300
-300
-300
-300
-300
-300
-300
-300
-300
-300
-300
-300
-300
-300
-300
-300
-300
-300
-300
-300
-300
-300
-300
-300
-300
-300
-300
-300
-300
154
-300
-300
-300
-300
-97
-300
-286
-300
90
-300
-300
-300
293
-25
-300
-300
-300
-300
-300
-300
-300
-300
249
-300
-300
-158
-300
-37
-300
-300
-300
-300
-300
-300
-300
-300
-300
-300
-300
-300
-300
-300
-91
186
-300
-300
-300
-300
-300
-300
242
-300
-300
-300
-300
-300
262
-300
-300
-300
-300
-300
-300
-300
-300
-300
-300
-300
-300
-300
-300
-300
-300
-300
-300
-300
146
-300
-300
-300
-300
-233
-300
-129
-300
-300
289
54
-300
-300
-300
-232
-300
-300
-300
-300
-300
-300
-300
199
-300
-300
-300
-300
-300
-300
-300
-300
-300
-300
-300
-300
-300
-300
-300
-300
-300
-300
-300
-300
-300
-300
-300
-300
-300
-300
274
-300
-300
-300
-300
-300
-300
-300
-300
-300
-300
-300
-300
-300
-300
-300
-300
-300
264
-300
-300
-300
-300
-300
-300
-300
-224
-300
-133
-300
-300
-300
-300
-300
-300
126
-300
-300
-300
-300
-300
-300
-300
-300
-300
-300
122
-300
-300
-300
-300
-300
-300
-55
-300
-300
-300
-300
-300
-300
-300
-300
-300
-300
-300
-300
-300
-300
-300
-300
-300
-300
-300
-300
-100
-300
-300
-300
-300
-300
185
-115
-300
-300
-300
-300
-300
-300
214
-300
-300
-300
-300
-300
-300
-300
-300
-300
-300
-300
-300
216
-300
-300
-300
-300
-300
-300
-300
-300
-300
-300
233
-300
-300
-300
-300
-300
-300
4
-300
-300
-300
-300
-300
-300
-152
242
97
-300
-300
-300
-300
-300
-300
-300
-300
-300
-165
-300
-300
-300
-300
-300
-300
-300
-300
-300
-300
-300
-300
-300
-300
-300
-300
-300
-300
-300
-300
-300
164
-300
-300
-300
-300
-300
-300
-300
-300
-300
145
-300
-300
-300
-300
-300
-300
-300
283
-300
-300
-300
-300
-300
212
-300
-300
-300
-300
-300
-300
-300
-300
-300
-300
-300
-300
-300
-300
-300
-300
-300
-300
-300
-300
-300
-300
-300
-300
-300
-300
-300
-300
-300
-300
153
-300
-300
-300
-300
-300
92
-300
-300
-300
-300
-300
-300
-300
-300
-300
159
-300
-300
-300
-300
-300
-300
-300
-300
-300
-300
-300
-300
-300
-300
-300
-300
-300
-300
-300
-300
-134
-300
-300
-300
-300
-300
-300
-300
-300
-300
-300
81
-300
-300
-300
-300
-300
-300
-300
-300
-300
-300
-300
-300
-300
-300
-300
-300
-300
-300
-300
94
-300
-300
-300
-300
-300
277
-300
-300
-300
-300
-300
-300
-300
-300
-300
-300
-300
-300
-300
-300
-300
-300
81
-300
-300
-300
-300
-300
-300
-300
-300
-300
-300
-108
-300
-300
-300
-300
-300
-189
-300
-300
-300
-300
-300
-300
-300
-300
-300
-300
-300
-300
-300
-300
-300
-300
-300
-300
-300
-300
-300
-300
-300
166
183
-300
-300
-300
-300
138
-300
2
-300
191
-300
-300
-300
-300
-300
120
-300
-300
-300
-300
-300
-300
-300
117
-300
-300
-300
-300
-300
-300
-300
185
292
-300
-300
-300
-300
-300
-300
-300
-102
-300
54
-300
-300
-300
-300
-300
-300
-300
-300
-300
-300
221
43
254
-300
-300
-300
61
-300
235
124
-300
28
-300
-300
-300
-300
162
-300
-300
-300
-300
-300
-300
-300
-300
-300
-300
-300
-300
-300
-300
-300
-134
-300
-300
-300
-224
-300
-300
-300
142
-300
-300
-300
-300
-300
-300
-161
-300
-300
-300
-300
128
179
272
-300
-300
-300
-300
-300
-300
-300
-219
-300
-300
-300
-300
-300
198
167
-300
86
-300
-300
156
-300
-300
-300
-300
-189
-300
-300
36
100
-300
-154
-300
92
268
-300
-300
-300
-300
-300
-300
-300
-300
-300
75
154
-300
-300
44
205
-300
30
-300
293
-300
-300
-300
91
180
-300
-300
-300
-300
-300
-300
-300
-300
-300
-300
-300
64
-300
-300
139
-300
-300
-300
-300
-300
-100
-300
132
-300
-98
-300
-300
218
-300
-300
-300
210
-300
-300
-300
-300
-300
-300
-144
-185
169
-300
-300
-300
122
-300
95
-300
119
-300
69
-300
-300
-300
-300
-300
-300
-109
-252
245
-300
-300
-300
144
-300
-300
24
-300
-300
-300
25
-300
-300
-300
-300
-300
-300
-300
-300
-300
-300
-300
-300
-300
104
88
-300
-300
-300
-300
-300
-300
-300
-300
-153
-300
-300
-300
-300
-300
-300
-300
-300
-300
-300
-173
72
-300
-300
-300
-300
-300
-300
-300
-300
-300
-300
123
-300
-300
-300
-300
-300
183
-300
151
-78
118
-300
-300
-300
-300
-300
-300
-300
-300
196
-236
-300
-300
-300
-57
-300
-300
-300
-300
-300
-300
-300
148
-300
-300
147
-300
-300
261
-300
-300
-300
-300
-300
-300
-300
191
-300
-300
-300
152
-300
-300
-300
-300
-300
-300
-300
-300
-300
-142
-300
-300
-300
-85
-300
-300
149
-300
-300
-300
-300
-300
-300
-300
-300
-300
-300
-300
-300
-300
170
157
-149
-300
-300
44
-300
-300
-300
-300
153
-300
184
197
-300
-300
-300
177
-300
-300
9
-300
-300
39
-300
-300
-300
-300
-300
-300
-300
-300
-300
187
-300
-300
-300
-300
-300
-300
-300
-300
-300
-300
-300
-300
19
-300
-300
105
-300
-300
60
65
-300
149
-300
-300
-207
-300
12
-300
-300
-300
-300
-300
-300
-300
-300
-300
-300
-300
-300
-300
-300
-300
-300
-300
-300
-300
-300
171
-300
-300
-300
-300
-300
-300
-300
-300
-300
-300
200
33
3
-300
-300
-300
-300
-300
-300
-300
-300
-300
-300
-300
-300
-300
-300
-300
-300
153
-300
-300
-300
-300
-300
-300
-300
-300
-300
-300
-300
-300
-300
-300
-300
-300
164
-300
-300
-300
-300
-300
-300
-300
175
-300
-300
-300
-300
-300
-300
-300
-300
-300
-300
-300
43
179
-300
-300
-300
-300
-300
-300
-300
-300
-300
-300
176
-300
-300
-300
158
-300
-300
-300
209
189
-300
-300
-300
-300
-300
-300
182
-300
-300
-300
-300
-300
186
-287
-300
-300
-300
-300
-300
115
-300
-300
88
-300
-300
-300
-300
-300
-300
-300
-300
-300
-300
-300
-300
-300
-300
-300
-300
-300
-300
-300
15
-300
-300
-300
-300
-300
-300
-300
226
92
-300
-300
-300
-300
-300
289
-300
-300
-300
227
-300
-59
202
-300
-300
-300
-300
-300
-300
-300
-300
-300
-300
-300
-300
-300
-300
-300
-300
-300
-300
-300
153
-300
-300
-300
-300
-300
-300
-149
-300
-93
-300
-300
-300
106
-300
-300
-300
-300
281
-300
-300
-300
-300
-300
-300
-268
193
-300
-136
-300
-300
-300
-300
-300
185
-300
-300
-300
166
-300
-300
-300
-300
208
-300
-300
-300
-300
-300
-300
-300
-300
-300
-144
-300
-91
-300
-300
209
281
112
167
-103
-300
-300
-300
-300
-300
-300
-300
-300
-300
-300
-300
-300
246
-300
-300
-300
-300
-300
-300
-300
-300
-300
-300
-300
-300
130
-300
84
-300
-300
-270
229
-300
153
188
-300
-300
154
166
189
-87
284
-300
-300
-300
-300
-300
-300
-300
180
-300
-300
-300
-300
-300
-131
157
-300
-300
-300
-300
-300
67
-300
-300
-300
-300
-300
-300
-300
-300
-300
-300
-300
195
-300
-300
-300
-300
-300
-300
-300
127
262
165
-300
-300
-208
-300
107
194
-161
-300
120
-300
-300
-300
-300
-300
-300
183
177
-300
-300
-300
214
-300
-300
-300
-300
2
-300
-300
-300
-300
-300
-300
276
-300
-300
262
-300
58
-300
-300
147
-149
-300
-300
-300
187
-300
-300
-300
-300
82
-300
-300
202
260
-300
-300
-300
-300
-300
-300
-300
-300
-300
-300
-300
-300
-300
-300
-300
154
-300
-150
-300
-300
-300
33
-300
77
-300
-300
-300
-300
-300
-300
-300
-300
-144
-300
37
-300
-300
-300
194
-300
-300
-10
-300
-119
-300
-300
-300
-300
228
-300
-300
-300
179
-300
-300
-300
-300
213
-300
-300
-300
-300
-300
-300
208
66
-300
-300
-300
-111
-300
-300
-300
57
-300
-300
-300
-300
-300
-300
-300
-300
-300
-300
117
-198
-300
209
-300
31
-300
206
-300
-300
-300
-300
-300
-300
-300
-300
-300
-300
-300
122
-300
-300
-300
-300
-300
-300
-300
-300
-300
250
-300
171
-300
-300
-300
-300
-300
-300
-300
-300
158
-300
-300
101
-300
-300
-300
-300
269
142
-300
-300
42
158
-300
13
-300
180
-300
-83
-300
158
52
-300
-300
-300
114
-300
-300
-300
6
-300
90
-300
-300
-300
20
-300
-300
-300
-300
-300
96
209
-300
92
-300
-300
-300
-300
-300
-300
-300
-300
-300
214
-300
116
-300
-300
-300
-300
108
-300
-300
-300
-300
-300
-300
-300
-300
-300
-300
-300
-300
-300
-300
-300
-300
-138
74
-300
-300
-300
166
-300
-300
-300
-300
-300
-300
-300
-300
-300
-300
-300
-300
-300
-300
-300
-300
-300
-300
-300
-300
-300
-300
-300
79
-300
-300
-300
-300
-300
-300
-300
160
-300
-300
-300
-300
-300
-300
-300
-300
-300
-300
-300
-300
-300
-300
-300
-300
-290
-300
-300
-300
-300
-300
-300
-300
-300
-300
-300
-300
-300
-300
-300
-300
-300
-300
-300
-300
-300
-300
66
-300
-300
88
-300
-300
-300
-300
-300
-300
-300
-300
-300
-300
-300
-300
-300
-300
-300
-34
-300
-300
-300
-300
-300
-300
-300
-300
-300
-300
-300
-300
-300
-300
-300
-300
186
194
-300
-300
-300
-300
-300
-300
-300
-300
120
-300
-175
-300
-12
-300
268
-300
-300
-300
-300
-300
-300
-300
-300
-300
-300
-300
-300
-300
-300
-300
-300
-300
-300
-300
261
-300
-300
-300
211
205
-300
-300
-300
-300
-300
-121
-300
-300
115
166
-300
-300
-300
-300
-300
-300
-300
-300
-300
-300
-300
-300
-300
-300
-300
-56
-300
-102
164
-300
-300
-80
-300
-300
-300
-300
-300
12
-300
-300
-300
-300
-300
-300
-300
-300
-300
-300
-300
-300
145
-300
-300
133
-300
-300
-300
-300
-300
-300
-300
-300
241
-300
-300
-300
-300
-300
-300
-300
-300
-300
-300
-300
111
-300
-300
-63
-300
-300
-300
-300
-300
-300
-300
-300
-300
213
-300
-300
-300
182
-300
-300
-300
-300
-300
-300
-64
-300
-300
-300
-300
-300
-300
-300
194
-300
-300
-300
-300
-300
-300
160
-300
-300
-300
-300
-300
-300
-300
-300
-300
-300
-300
-300
-300
157
-300
-300
-300
-300
-300
-300
-300
-300
237
-300
-300
-300
-300
-300
-300
-300
205
-300
-300
-300
248
-300
-300
-300
-300
-300
-300
-300
-300
-300
265
-300
-300
156
-300
-300
-300
-300
-300
67
-300
-300
-300
-300
-153
-300
-300
-300
-300
210
-300
-300
248
-300
-300
-300
-300
-300
174
-300
-300
-300
-300
200
-300
-300
-300
-300
-300
-300
-300
-300
-300
-300
-138
-300
-300
-300
-219
-300
-300
-300
-300
-300
-300
-300
-300
-163
-300
-300
-300
-300
-300
-300
-300
-300
-300
-300
-300
227
-300
-300
-300
-300
-300
206
-300
-300
-300
-300
-300
-300
-300
-300
-300
-300
-300
-300
-300
-300
-300
-300
-300
-300
-134
-300
-300
-300
-300
-300
-300
225
-300
-300
-300
-300
-300
-300
-300
-300
-300
-300
-300
109
-300
42
-300
-300
218
-300
-300
-300
-300
-300
-119
-300
-300
-300
-300
-300
160
-300
-300
3
-300
-300
-300
-300
-157
-93
-300
-300
-300
-300
-300
-300
-300
-300
-300
-300
-300
-300
164
-300
-300
-300
223
218
-300
-300
-103
-300
-178
-300
-300
164
-300
-300
-300
-300
-300
137
-300
-300
-300
153
131
-300
289
78
141
-300
202
-98
-300
-300
-300
-300
-300
-300
152
-300
-300
-300
-300
-300
-300
-300
-300
5
-300
-300
131
-300
-300
-300
-300
-300
-300
-300
-300
-300
-300
-300
56
-300
139
-300
87
-300
-300
292
-300
-300
-300
64
-300
-300
-300
-300
-170
43
290
71
-201
-300
126
-300
-300
-300
-300
-283
-300
-300
-300
-300
-300
-300
-300
-300
-300
-300
-300
-300
86
-300
-300
-300
-300
-300
150
158
210
-300
-300
-300
74
-300
-300
-300
-300
-300
-300
-300
-300
-300
-300
76
-300
-300
-300
-300
-300
-300
-300
-300
183
77
-300
-300
-300
-300
-300
-300
-300
-300
-300
-300
-300
-300
-300
-300
-300
-300
-300
-300
-72
-300
-300
-300
-300
112
-300
185
-300
4
219
-300
24
-300
287
-300
-27
-300
-300
-300
183
-300
224
215
-300
244
-219
-300
-300
-300
-300
-300
122
-300
-300
-300
-300
-300
195
227
-300
-300
191
-300
-300
-300
-300
-300
-300
-300
82
-300
-300
-300
-300
-90
-300
-300
-300
-300
-300
219
119
-300
-300
-300
-300
-300
-300
-300
-300
-300
-300
-300
-300
206
-300
-96
-300
124
-300
-300
-300
-86
-300
-300
-300
-300
-300
45
-300
-300
-300
-300
-300
85
-300
215
-300
-300
-300
-300
-300
-300
-300
-300
-300
-300
181
-300
-300
-300
-300
-300
-300
-300
-300
-300
-254
-300
-300
-300
-300
-300
-300
-300
-300
-300
-300
-300
-300
-300
-300
-300
-300
-300
-300
-300
89
-300
-41
-300
198
-300
-300
-300
-300
28
-300
-300
-300
173
-300
-300
-300
-300
-300
36
-300
-207
-300
116
-300
-300
-300
-300
-300
-300
-283
-300
-300
-300
-300
-300
44
-129
-300
-300
-300
280
-300
-300
-57
28
-300
-300
-300
-300
23
212
-300
-300
-300
-300
-300
-300
-300
-300
64
-300
-300
-236
-300
-300
94
-300
-300
-300
-300
-300
-300
-300
-300
232
-300
184
-300
235
-300
189
-300
-300
-300
-300
-300
-300
-300
-300
-300
-300
-100
204
-300
268
-300
-300
-300
-300
-300
160
-300
-300
-300
66
-300
11
-300
-300
-300
-300
-300
-300
-300
185
-300
-300
-300
-300
-300
-300
-300
162
-300
-300
-300
-300
-300
-154
-300
-127
120
-300
174
-300
-300
-300
-300
12
-300
-300
-300
-300
145
-300
-300
185
-300
-300
-300
114
-132
19
-300
-89
-300
-300
234
-300
-300
-300
-300
-300
224
-300
-300
186
-300
-300
158
255
212
-300
1
95
-300
-300
19
-300
-300
-300
-300
-34
261
107
-300
-300
-300
180
-300
-300
-300
-300
-300
-300
-300
-300
126
-300
-300
-300
75
-300
172
194
-300
171
-300
-300
267
-87
-300
216
-300
118
172
112
-300
-300
-300
-300
-42
-300
-300
-300
-300
141
-300
-300
-300
-300
-300
-300
-300
-300
-300
19
25
212
-300
-226
-89
-300
-300
-300
-300
-247
-164
-300
55
-300
237
-300
50
-133
150
-154
215
-95
-300
-14
61
-300
-123
-300
-300
-300
-98
-163
-207
-300
-300
-300
129
-21
-300
-300
-238
-300
-300
-92
-300
-300
-300
-300
-300
-300
-300
-266
-300
-300
-300
-300
-300
182
-300
-300
-178
-300
-300
-300
-300
-87
-197
-300
-171
-300
-300
-300
194
-300
-227
-74
-273
-300
-300
-274
-300
-212
-152
-202
-300
-300
-300
-270
-300
-300
-159
-300
-300
-300
-300
-300
-300
-300
-300
-300
-300
69
-300
-300
-300
-300
-300
-300
-300
-300
-300
-300
-300
-182
-300
-300
-300
-300
-300
-300
-300
-300
-300
-300
-300
-300
-247
-300
-300
-187
-300
-300
-300
-300
-300
-270
-300
-300
-300
-300
-300
-300
-90
-300
-300
-300
-300
-300
-300
-261
-277
-223
-300
-300
-173
-300
-300
-300
-300
-257
-300
-300
-300
-300
-300
-300
-300
114
-300
-300
-300
-300
-300
-300
-300
-300
-262
-300
-300
-300
-300
-300
-300
-300
-300
-300
-300
-300
-300
-300
-300
-300
262
-300
-300
-130
-300
-300
-218
-300
-300
-300
-300
-300
-300
-300
-300
-300
-300
-300
-300
-300
-300
-300
-300
-300
-300
-300
-300
-300
-300
-300
-300
-300
-300
-300
-300
-300
-300
-300
-114
-196
-151
-300
-300
-300
-300
-300
-300
-300
-300
-300
-300
-300
-300
-157
-300
-300
-300
-153
-300
-300
-300
-300
-300
-300
94
-300
-300
-300
-300
42
203
-300
-300
-300
-300
-300
63
-300
-300
-300
-300
-300
-300
-300
-300
-300
-300
5
-300
-300
-300
-300
-300
-300
-300
-300
-300
-300
-300
-24
-300
-300
-300
-239
-300
-300
-300
-300
-300
-300
-300
-300
-300
47
-300
-300
-300
-300
-300
-300
-300
-300
-300
-300
-300
-300
-300
-300
-300
-300
-300
158
-300
-300
-300
-300
-300
-300
-300
-300
-300
-300
-300
-300
-300
-300
-300
-300
-300
-300
-300
-300
-300
-300
-300
-300
-300
-300
-300
-300
-300
-300
-300
-300
-300
-300
-300
-300
-300
-300
-300
-300
-300
-300
-300
-99
-300
-300
-300
-300
-300
-300
-300
-300
-300
-300
-300
-300
-300
-300
-300
-300
-300
-300
-300
-300
-300
-300
-300
-300
-178
-300
-300
-300
-300
-300
-157
-205
-300
-300
-203
-300
-300
-300
-300
-300
-300
-300
-300
-300
-300
-300
-300
-300
-300
-300
-300
-300
-300
-300
-300
-300
-300
-300
-300
-300
-300
-300
-300
-300
-300
-300
-300
-300
-300
-300
-300
-300
-263
-300
-300
-174
-300
-300
-300
-300
-119
-300
-300
-300
-300
-300
-300
-300
-300
-300
-300
-300
-295
-300
-300
-300
-193
-300
-300
-71
-300
-300
-300
-300
-300
-300
-241
-300
-300
-300
-300
-300
-300
-300
-288
-300
-300
-300
-300
-300
-300
-300
-300
-300
-300
-300
-300
-300
-300
-300
-300
-300
-300
-300
-300
-300
-300
-167
-300
-300
-203
-300
-56
-300
-300
-300
-300
-300
-300
-155
-300
-300
-300
-300
-300
-300
-300
-300
-300
-300
-300
-300
-300
-300
-300
-300
-300
-200
-300
-300
-300
-300
-300
-300
-300
-300
-300
-300
-300
-156
-300
-300
-300
-300
-300
-300
-300
-300
-300
-300
-300
-300
-300
-300
-300
-300
-300
-300
-300
-300
-300
-300
-300
-300
-300
-263
-300
-300
-300
-300
-300
-300
-300
-300
-300
-300
-300
-300
-300
-300
-300
-300
-300
-300
-300
-300
-300
-300
-300
-300
-300
-300
-300
-300
-300
-300
-300
-300
-300
-300
-300
-300
-300
-300
-300
-300
-300
-300
-300
-237
-300
-300
-300
-300
-300
-300
-300
-300
-99
-300
-300
-300
-300
-300
-300
-193
-300
-300
-300
-300
-300
-195
-300
-300
-90
-300
-300
-300
-300
-300
-300
-300
-300
-300
-300
-300
-300
-300
-300
-300
-163
-300
-300
-90
-300
-300
-300
-300
-300
-300
-300
-300
-300
179
-300
-300
-300
-300
-300
-300
-300
-104
-300
-300
-300
-190
-300
-300
-300
-300
-116
-300
-130
-300
-150
-300
-300
-300
-300
-300
-300
-300
-138
-300
-300
-300
-300
-300
-300
-300
-300
-192
-300
-300
-300
-300
-300
-190
-274
-300
-300
-300
-300
-300
-300
-300
-300
-201
-300
-300
-127
-300
-143
-300
-300
-300
-300
-300
-300
-300
-168
-300
-300
-300
-300
-300
-108
-300
-300
-142
-300
-300
-300
-300
-300
-300
-300
-300
-64
-300
-300
-300
-300
-300
-300
-300
-300
-215
240
-300
-300
-300
-225
-182
-129
-300
-300
-300
-300
-300
-300
-231
-300
-177
-124
-96
-300
-300
-300
-300
-189
-300
-300
-300
-300
-300
-300
-25
-300
-300
-300
-300
-300
-168
-300
-300
-300
-300
-300
-300
-300
-300
-90
-300
-300
-300
-300
-300
-300
-300
-300
-300
-300
-300
-300
-300
-300
-300
-249
-300
-142
-300
-300
-300
-300
-300
-300
-300
-300
96
-300
-300
-300
-300
-300
-300
88
-300
-300
-300
-300
-300
-300
-300
-300
-300
-300
-300
185
225
-300
-300
-300
-300
-300
-300
-300
-300
-300
-300
-300
-300
-300
-300
-300
-300
-300
-300
-300
-300
-300
-300
-300
-300
-300
-300
-300
-300
-300
-300
-300
-179
-300
-300
-300
-300
-300
49
-300
-300
-300
-300
-300
-300
72
68
-300
-300
-300
-300
-300
172
-300
-300
-300
-300
-300
-300
90
-300
-300
-300
-300
-300
-300
-300
-300
-300
-300
-300
-300
-300
-64
-300
142
254
-171
-300
-300
-300
162
-300
-300
-300
-300
-300
-300
-300
-300
-300
-300
-300
-300
241
-300
182
-300
-300
-300
-300
-300
-300
-300
-300
-300
-300
-300
-211
-300
-300
-300
-300
-300
-300
-300
-300
-300
-300
-300
-300
-300
-300
119
-300
-300
-300
-300
-300
-300
-300
-300
-300
-79
-300
-300
-300
-300
-300
-300
-300
-300
-300
-300
-300
-300
-300
-300
-300
-300
-300
-300
-300
-300
-300
-300
-300
-300
-300
-300
-300
-300
-300
-300
-245
-300
-300
-300
-300
-300
-300
-148
-300
-300
-300
-19
-300
-300
-300
-300
-300
-266
-300
-300
-300
-300
-300
-300
-274
-300
-300
-300
-300
-300
-300
-300
-300
-300
-106
179
-300
-300
-237
-300
-300
-300
-300
-300
-300
-300
-300
-147
-300
-300
-300
191
-300
-300
-300
-300
-245
-250
-300
-300
-300
-201
-300
-300
-300
-300
-300
-225
-300
-96
-168
-300
-300
-300
-300
-300
-300
-300
-300
-257
-300
-93
-272
-300
-300
-300
-300
-300
-300
-300
-300
-300
-300
-300
-118
-300
-300
-300
-300
-142
-300
-300
-300
-300
-300
-235
-300
-300
-300
-300
-190
-300
-38
-300
-300
-300
-300
-300
-300
-300
-124
-300
-300
-300
-300
-300
-300
-300
-300
-300
-300
-300
-63
-300
-300
-300
-300
-300
-300
-300
-300
-300
-300
-300
-300
-300
-300
-300
-300
-300
-300
-155
-300
-300
-300
-300
-300
-300
-300
-300
-300
-152
-300
-48
-130
-201
-300
-300
-300
-300
-300
-300
-300
-300
-300
-300
-300
-300
-300
-164
-300
-165
-300
-300
-300
-300
-300
-300
-300
-300
-300
-300
-300
-300
-300
-300
-300
-167
-31
-300
-300
-300
-300
-300
-300
-163
-300
-300
-300
-154
-300
-300
-300
-300
-300
-172
-300
-300
-300
-300
-300
-300
-300
-300
-146
-300
-193
-300
-300
-300
-300
-300
-243
-153
-300
-300
-300
-300
-300
-300
-300
-300
-300
-177
-300
-300
-300
-300
-300
-82
-300
-300
-300
-130
-300
-300
-300
-300
-300
-300
-300
-151
-300
-300
-66
-300
-300
-300
-300
-300
-300
-300
-300
-300
-182
-300
-300
-300
-300
-300
-300
-300
-248
-300
-300
-300
-300
-300
-300
-300
-300
-71
-300
-300
-300
-300
-300
-300
-300
-300
-300
-300
132
-300
132
-300
-300
-300
-300
-300
-300
-300
-300
218
-300
-300
-300
-300
-300
-300
-300
-300
-300
-300
-300
-300
-300
-300
-300
-300
41
-300
-151
-300
-300
-300
251
-300
-300
-167
-300
-300
-300
-105
-300
-300
175
-300
184
-300
-300
-300
-214
-191
-300
-300
-300
-159
-300
-231
-300
-300
-300
-300
-300
-300
-300
-218
-300
-300
180
-300
-300
-300
-300
-300
-300
-300
-300
-300
-300
-288
-300
-300
-300
-300
-300
-300
-300
-300
-300
-300
-300
-300
-300
-300
-300
-300
-300
219
-300
-300
-300
-300
-300
-300
-150
-300
-300
-300
-300
-300
-300
-300
-99
-300
-148
-300
-300
-300
-300
-300
-300
-300
-300
-300
-300
-300
-300
-300
-300
-300
-300
-189
-213
-300
173
-300
-300
-300
-300
-300
-300
-300
-300
-300
-300
152
-300
-300
-300
-300
-300
-300
-300
-300
-300
-300
-300
-300
-300
-300
-300
-144
-300
-300
-300
-300
-300
-300
-300
-300
-222
-300
-300
-300
-300
-300
-300
-218
-300
-300
-300
-300
-300
-300
-300
-300
-300
-300
-300
-300
-300
-213
-300
-300
-300
-300
-111
-300
-300
-300
-300
-300
-300
-300
-300
-300
-300
-300
-300
-300
-113
-300
-300
-300
-300
-300
-300
-300
-300
-300
-195
-300
-300
-300
-300
-41
-300
-300
-300
-300
-300
-102
-300
-300
-300
-300
-300
-300
-300
-300
-300
-71
-300
219
-300
-300
-300
-227
-300
-300
-263
-300
-300
-300
-300
-181
-300
-300
196
-185
-151
252
-52
-300
-300
-300
-300
-300
101
-300
-300
-300
-300
179
-300
-300
-300
-300
-300
-248
-300
-300
-300
-300
-300
-300
-300
-300
-300
-271
-300
-300
277
-300
-300
205
-300
175
205
-300
-300
-300
-300
-300
-300
-300
-300
-300
-300
-249
-300
-300
-300
-300
78
-81
-241
-41
-300
-300
-300
-300
-123
-300
109
-300
-300
-300
-300
-300
-300
-300
-300
-300
-300
-300
-300
-295
-300
-300
184
-300
108
-300
-300
-300
-300
-300
147
-300
-300
-300
-300
-300
-300
-300
-300
-300
-300
-300
-300
-44
-300
-138
-300
-300
-300
-300
-300
-300
-206
166
-300
-77
-300
-300
-300
-300
-300
-300
-300
96
-300
-300
-300
-300
-300
144
-300
-300
-146
222
-152
-265
-300
-300
-144
-94
-290
-300
-300
-300
-300
60
-300
146
-300
-300
-300
-300
-300
-300
-300
-300
-300
-247
-300
-300
-300
-300
-300
82
161
-300
-300
-300
-300
185
-300
-300
113
86
-300
-300
36
-300
-300
-300
-93
-300
-279
-300
-300
37
54
-25
-300
-300
-300
-300
-300
85
-300
-300
-300
-300
-300
-300
-300
-300
-300
-300
43
-300
-300
-300
-78
-300
-300
48
-300
-300
-300
-300
-300
-300
-300
-300
-300
-300
145
77
-300
235
-300
-144
114
-300
-300
-300
-123
-300
276
-300
-300
-300
-300
-300
-300
191
-135
-300
-300
-300
-300
-300
-300
-300
-300
-300
224
204
-300
-300
-300
222
-300
13
-300
-300
-300
-300
-300
-300
-140
-102
-300
-300
-255
-300
-300
-300
-300
-300
-300
-174
-148
-300
-300
-300
-300
-220
-249
210
170
-300
-300
-300
-300
275
-300
-300
-300
-241
-284
-300
-300
31
-300
75
-76
-159
-300
-300
-300
-300
-300
-300
193
-300
-300
174
-300
-115
-300
-300
-142
-300
-300
-189
72
-108
-300
-300
-300
-300
-300
-300
289
-300
-294
-300
-16
-86
-300
-78
-141
-300
-300
-300
-300
254
-171
-170
-300
210
111
-300
-300
-106
-68
73
-300
-300
-156
-300
-185
106
14
-300
-187
-300
-300
-300
-300
-300
-300
259
-300
-300
-300
-300
-300
252
-53
-300
-300
-300
-300
-300
-300
87
-263
-300
-300
-300
-116
181
-300
-109
-206
168
-300
-300
-300
-300
-300
-300
-300
-300
266
80
179
-51
123
-300
-300
-241
-300
-300
154
-300
-300
-300
-300
278
-300
-300
-285
-300
-300
-300
146
-300
49
90
91
-300
-300
-300
-300
-114
247
-24
-300
-300
-115
-300
-300
-241
-300
-300
290
89
-300
-300
-300
-300
-300
-300
-300
14
-92
-300
-300
-300
-300
-300
-300
-252
-300
161
-300
-300
-300
-300
108
-300
-159
191
-113
-300
-211
185
190
162
-300
-300
61
-300
140
-300
181
-300
-300
-300
-300
-300
-300
-249
-300
-300
-250
167
-300
-300
-62
-128
-300
-300
-300
-69
-300
-300
-196
-300
224
-89
-300
220
-300
-300
-300
-300
267
-300
192
-300
-300
-300
-300
-300
254
-300
-300
-300
-300
-300
-300
-300
-300
-300
-300
199
149
-300
-155
-300
-300
-300
267
-134
88
200
-300
-300
-300
-300
-300
-300
85
-300
-300
-300
22
-300
46
-300
-300
-300
-300
-300
-300
-300
118
-175
199
-300
-210
-252
157
-300
-300
-300
-300
-300
-300
50
-300
75
-300
-300
-226
-300
121
-300
-300
-300
-300
-300
149
171
-300
-300
-300
-300
-248
-300
-300
250
42
-292
97
36
-300
-300
-300
-97
-300
281
-300
-300
121
-137
-300
-238
-300
-224
-300
-122
-300
-300
-300
-300
-300
10
-300
-300
196
-300
-95
-300
-300
-300
27
180
-300
274
-300
-300
-300
-300
-300
-300
-300
-300
18
-65
21
147
66
-300
-300
46
-300
-300
-204
-300
-300
-164
-300
59
-300
-300
-300
95
-138
-271
-300
-300
-300
-300
-300
193
97
-48
-300
-300
-300
-238
-300
-300
-30
-300
-300
-300
-207
218
-300
-300
-54
-300
24
-300
-194
-300
266
-216
-300
2
-300
-237
-300
-300
-300
-300
-172
-300
95
-300
128
-300
-300
-300
-300
-300
13
-300
192
-226
-300
-300
-300
-300
-300
-39
-300
-300
-300
201
-300
-300
44
206
-300
-300
-300
263
-300
-143
65
-300
-300
-300
163
-300
-159
-300
113
-300
-300
-300
-300
-300
-95
-300
-300
-300
-300
167
-300
-204
-300
-300
244
-300
-300
-300
-300
-300
-300
-300
-300
-300
-300
-300
188
-300
30
-300
138
-300
-300
283
-221
-149
-300
-40
-300
-300
24
-300
-300
-300
-300
-300
-181
-300
108
-300
-222
-121
-300
-300
122
-300
-300
-300
-300
-300
-300
-300
143
-300
-152
-300
-300
-300
-300
-300
-300
55
-300
-300
-300
-300
-300
-159
-300
-300
-300
129
-300
-300
-300
-59
-300
-300
-163
-293
-300
-300
-300
-300
-300
-300
-300
-300
-300
-199
-300
-300
-300
-300
-103
-300
-117
-300
-162
-300
-300
-300
-300
265
-300
-300
-142
-300
-300
-300
-300
-300
-300
-300
212
-300
-300
208
-282
-300
-185
-300
-300
-127
-300
-300
-300
-300
-300
-300
-143
-300
145
48
-300
-300
-300
-300
-300
-300
173
-300
-300
-300
-300
-300
-300
-300
-300
133
-267
142
195
-300
-300
-300
-300
-300
-300
-300
-300
-300
-300
-300
199
68
-300
111
-197
218
-300
-300
-300
-229
-110
-300
-106
-153
-300
209
-300
-300
-300
-130
-300
-291
-300
-300
100
-237
214
197
-300
-300
-300
-262
-70
-300
-300
176
-300
-300
206
-300
-137
-300
-300
-300
-300
-174
-300
-300
-300
-300
-300
-300
-288
123
-300
-300
174
-300
-300
-98
-300
-300
-300
-300
-300
-300
172
-125
-300
-84
-200
-300
155
-300
-300
-300
-300
-300
-300
-300
-300
-300
-300
-300
-300
148
-300
-147
-300
-300
-300
-300
-300
126
-300
-300
-231
-300
-300
-300
-300
-300
74
257
-202
-300
-300
220
-300
-300
72
-28
-300
-300
-300
-300
-300
-300
-161
-300
194
-300
121
-300
-300
-300
-300
-300
-300
180
-300
-300
-300
129
-300
-129
138
-300
-300
-300
-300
-300
-300
-300
-300
-300
-300
-300
-300
-300
-300
-300
-300
-300
-300
-85
-300
-185
-300
203
-300
64
-300
-300
-300
-300
-300
-300
-300
-300
-300
-300
-300
25
-300
-300
-300
-300
-300
-238
-300
211
-300
-247
-300
-300
162
-300
170
-146
-300
-300
-300
-300
-239
131
-300
-300
-300
-300
-300
149
-300
-300
-300
-300
-300
-300
69
-300
-300
-300
-300
-300
183
274
-300
180
-300
-300
-300
-300
-246
171
-300
-300
277
111
-300
-300
-300
-300
-252
-300
-300
211
-300
-300
-107
-300
4
-300
-300
-300
-300
182
-273
-300
-300
-300
-300
-300
26
-300
-300
-300
-300
-300
-300
125
-300
-300
-300
-300
-300
-300
-300
-129
-300
-300
-300
-300
-300
160
-300
207
-300
-300
-300
-300
-300
-300
-300
-300
-188
-300
-158
-300
144
160
199
-92
-292
-300
-300
-140
-300
-300
-300
-183
-300
-300
-300
175
-151
231
131
211
-300
-300
53
-300
-300
203
-300
218
-300
-300
-300
-300
-300
-300
-300
-300
100
-300
-300
-300
17
-300
272
-300
-300
-300
-300
-300
-300
-300
-300
-300
-300
-300
-300
-300
-300
-300
-300
-300
-300
-300
-300
-300
-300
-14
-300
-300
-300
-300
138
-300
-300
-300
-300
190
-300
109
157
-300
173
-300
-300
-300
160
-300
-300
-300
-300
-300
-300
-300
-300
-300
100
-300
16
72
-300
110
-300
-300
-300
212
-300
-164
-300
243
-300
187
-300
-300
-300
-300
108
-300
-300
137
-96
-300
-300
-300
-300
-300
-300
-300
-300
-300
4
-300
-300
-300
98
-300
-300
-300
-300
118
-300
-300
-300
-300
-300
-8
-300
222
58
-95
197
-300
-300
-300
-300
-300
-300
70
-127
-300
-300
-300
212
-99
-300
168
-300
182
-300
-300
117
-300
-300
-300
-300
183
-300
-300
-300
-300
216
-96
-300
-300
-300
-300
211
-300
54
118
-300
-208
-300
104
233
-300
99
29
31
147
180
133
19
-300
-300
117
-300
-300
-108
153
-300
-300
-300
-300
-300
127
-300
-300
-300
-300
-300
-300
-300
183
-300
81
263
-300
207
153
-300
-300
60
-300
-300
-300
176
-300
-300
-300
-300
-300
-116
14
-300
-300
-300
-300
-300
-300
-300
187
-300
-300
206
-300
-300
-300
-300
-300
205
173
-300
-300
156
-300
113
-300
-300
214
103
135
-300
101
-300
-300
-300
-300
222
-300
-300
-300
72
-300
-300
-300
-300
81
-168
-300
-300
-300
179
165
176
206
-209
-300
103
-138
-300
-300
-300
-300
-300
148
-300
174
-300
172
37
121
-300
-300
211
-300
-300
-300
-300
-265
-300
-300
-300
171
-300
109
286
-300
-300
263
102
-300
-300
-300
245
-300
-300
-300
108
-300
59
-300
-300
-300
-300
-300
-217
-300
35
28
-300
132
201
-300
-300
-300
-300
-300
178
-300
187
-300
153
85
-300
60
-300
-187
216
112
-300
141
272
192
182
-300
-300
184
-252
-300
-300
-300
-300
110
193
-300
256
-300
167
-300
203
-300
-132
-300
94
8
-300
-203
-300
-156
110
-300
-300
-300
93
28
-160
-300
-300
-300
-300
-296
-300
-266
-300
-300
-300
-239
-300
-300
-300
54
-300
-300
156
-300
-165
-300
-300
125
-300
-300
209
-300
-300
1
-300
165
137
22
44
157
-300
123
-300
-233
278
84
-300
-300
-300
-300
-300
-300
-184
-300
204
41
-300
-300
-300
-235
-300
263
-300
-131
27
72
-300
197
-175
-300
-300
-300
-300
40
-300
-300
178
113
-300
53
19
-300
-300
-300
105
-300
-300
236
179
205
142
238
-300
-300
-300
105
-222
190
150
145
-300
-300
207
-300
182
100
-300
-300
-300
54
-300
-300
-300
145
-300
-154
120
-300
-300
-300
-300
-300
-300
54
-300
-300
47
-300
-300
78
-105
70
-300
216
-300
-300
38
-300
-300
178
-300
47
-300
132
131
-300
-300
130
99
209
-210
-300
229
-300
-300
80
-300
-300
-300
-300
-300
-300
168
-300
102
270
162
-300
-300
-300
216
-135
-300
63
-257
-300
-300
251
171
-300
-300
53
-300
-300
-117
-300
-240
35
-300
-300
-300
188
-300
-300
-64
-300
6
164
-300
-300
-300
237
-300
-174
125
112
159
-300
141
-300
122
38
-300
-300
-300
-300
119
-300
108
-300
-300
-226
-300
207
-300
51
-300
120
275
-300
122
-300
-300
-300
204
-95
-300
-300
-300
-29
-300
-300
-300
218
3
46
-300
-300
86
-139
187
112
191
166
-300
-300
-300
-75
144
-300
-300
5
-300
-300
-300
-142
224
-300
-300
91
-217
-300
-153
135
44
-300
48
-300
-300
273
-300
61
-300
99
-300
-120
-300
-300
-300
-300
102
226
37
-152
100
175
-300
13
-300
-300
-300
32
157
-250
-300
-300
-300
130
-300
-300
126
102
-300
-300
86
-300
-300
-300
-300
212
-300
174
-300
65
59
-300
38
195
-300
39
-300
-300
-300
178
154
147
-46
46
-300
-300
96
-300
-300
-300
118
-300
197
260
-300
17
22
-300
-118
-300
-300
-300
179
-300
226
-300
-300
-300
-300
-300
36
251
45
109
-300
-300
-300
-300
96
-300
-246
-300
-300
-300
-300
252
196
-300
156
-300
47
211
195
-300
210
-300
-300
-300
143
264
-300
-300
-300
-300
-300
-300
-300
112
166
80
-300
-202
-300
-300
143
-300
-300
-300
-300
-300
-300
108
-300
-300
37
-300
-300
-300
-300
-300
112
-300
-300
-300
80
76
-300
-300
184
-300
-300
257
-300
-300
-300
-300
226
108
-300
-300
72
-300
-300
-300
-300
-300
119
-300
162
-300
-300
-300
161
-300
-300
-300
-300
170
127
208
28
-300
-300
46
-300
136
137
-300
240
-300
131
128
-300
-300
63
140
-300
-300
-300
-300
-300
-300
176
222
-300
-300
-300
-300
-300
49
61
-300
-300
-300
-300
-300
-300
128
23
64
-300
105
-300
190
-300
191
-300
217
230
91
190
-300
-300
-300
7
-300
-300
88
165
-300
-300
58
-300
36
-297
-118
-300
123
-300
-300
21
104
-300
-300
-300
-300
34
-300
164
-100
-300
161
262
-300
27
-300
213
219
17
217
-300
-300
-300
-133
32
187
252
192
41
134
-300
73
-300
-300
-300
-300
-300
-300
164
-300
-300
-300
57
53
-300
201
225
93
-300
-300
-300
-294
114
-300
-300
-300
-300
-300
-300
-300
190
-300
-300
-300
-300
150
126
-300
-300
-300
-300
31
213
-300
-300
84
171
-300
-300
-300
-300
-300
235
-300
-300
-300
-300
-300
-225
103
269
-300
93
-300
43
-300
-203
-300
-300
-300
-300
-300
-300
-300
158
44
-300
-300
-300
171
-300
176
-300
-300
-300
11
-300
237
-300
-300
268
10
-300
214
-300
-300
-300
161
-300
-300
-300
-257
-300
-300
-300
-300
-300
150
283
-300
-300
-300
-300
142
-300
159
137
58
-300
226
-300
144
-300
283
-300
-300
-300
78
239
-300
-300
95
-300
43
267
21
82
-300
-300
18
236
-300
-300
-300
-300
-300
-300
-300
-300
21
-300
192
-155
-275
239
90
-300
189
69
-300
143
-300
-300
220
182
127
-300
-300
-300
213
-300
-300
146
167
17
180
-300
-300
231
-139
-300
-300
90
-186
-300
-300
26
-300
173
292
124
-210
118
-300
-300
244
5
-106
-300
157
-300
-300
-68
234
-300
-60
-300
-300
176
67
14
136
57
131
-300
-300
-300
-300
285
-300
-300
-300
116
-300
134
202
185
204
140
271
-300
-300
133
-20
-300
-300
165
156
-300
-300
181
-300
95
-300
-300
-300
180
-300
-300
176
252
-300
-300
-300
-300
171
-300
-300
-216
242
222
-300
257
111
-300
223
-300
-236
168
146
-300
186
-300
-300
209
-300
212
82
-300
191
184
212
-300
-300
239
-99
-300
119
-300
-56
-300
239
-300
171
73
185
-300
79
-300
239
-300
-108
192
122
14
154
-300
83
169
122
78
160
172
26
14
-300
-300
207
196
138
110
185
89
104
202
143
-300
-300
169
176
153
-300
-300
-300
59
237
8
-300
210
-300
221
-300
201
198
-300
-300
-300
-300
-180
-300
-300
203
-300
-147
248
210
107
209
-300
-300
-300
-300
-300
263
-300
-300
-300
-300
-300
89
164
128
-300
4
-300
148
181
130
143
-300
-300
-300
53
78
-300
-300
136
114
-300
104
69
-300
-300
107
-300
-300
102
-106
158
-89
216
173
-300
-300
106
-300
-300
42
-300
171
-300
115
181
156
127
229
-300
-300
-300
-300
101
-300
142
-300
91
-300
77
-300
-300
-300
180
-300
13
-300
116
157
-300
-127
-300
-300
137
-300
-300
63
-43
-300
-300
-300
-300
-300
-300
85
-300
-300
-300
41
-300
-300
-300
-300
-300
-300
-300
-300
-300
-300
-300
168
-300
-300
116
-300
-300
-300
-127
-172
135
174
22
135
109
158
-35
128
-300
-300
-300
-300
181
-300
-300
-300
188
-300
-300
-300
-300
-300
129
-300
-77
187
-144
-81
139
-300
-300
-300
188
-300
-300
209
-300
-300
78
133
-300
-300
-300
-300
-96
201
199
-300
-300
-300
17
-300
-300
-300
-300
-300
-300
-300
148
-300
-300
-300
-300
-300
-242
-300
173
-278
-300
223
248
-300
146
256
-300
194
-300
-300
-300
101
-300
-300
202
-300
-300
-300
-300
-300
-300
203
-300
-300
200
-300
-300
-300
-300
120
-300
-300
168
-300
-300
-300
-300
-300
53
-300
-300
-300
-300
136
-300
-300
-300
-300
-300
-300
197
-300
211
226
-131
165
-300
-300
104
-300
-300
-300
54
-300
83
-300
-300
-300
272
-300
-300
174
-300
101
-300
-300
-300
-300
-300
-300
-300
-300
-300
-300
-300
164
-300
-300
104
-300
-300
-300
-300
-300
-300
182
-300
-300
195
-300
-300
-300
-300
-300
97
-300
195
-300
-300
239
-300
-300
-300
-300
-300
-300
-300
219
-300
267
-300
-300
-229
-300
-300
3
-300
104
-300
-300
53
-300
-300
-300
297
-300
-300
256
-300
155
-300
-300
-300
-300
64
-300
-300
-300
-300
184
-300
-300
101
-300
-300
-300
-300
-300
-300
-300
-300
-300
-300
-300
-300
-300
-300
-300
-300
-300
-300
-300
-300
-300
-300
-300
-300
-300
-300
-300
-300
-300
-300
194
-300
-300
-300
-300
218
-300
-300
-300
180
-300
-300
-300
-300
-300
20
-113
263
235
-300
-44
-300
-300
-300
-300
-300
77
-300
-300
-300
-136
-300
-300
-300
-300
-300
-300
-300
-300
-300
-300
252
190
-300
-300
-300
-300
-300
193
-300
-300
-300
-300
-300
-300
-300
-300
-300
196
-300
-300
76
-300
-300
180
236
-300
231
171
-300
-300
274
-300
-300
-300
-300
-300
-300
-300
15
146
144
-300
145
-300
-300
-300
-300
-300
-300
135
-300
14
117
-300
-300
-80
-300
235
-300
213
-300
-300
-193
-300
-300
-14
-300
-300
-300
-300
113
196
-300
-300
-300
185
-300
130
109
-300
149
127
165
134
-300
134
-300
-300
-300
75
120
-300
147
-300
-300
-300
-300
-300
-46
-300
-300
-300
-300
-300
-300
-300
115
142
-300
-300
-300
177
34
48
163
153
-300
-300
-300
237
-300
-300
-300
167
-300
-300
-300
-300
133
-300
247
-300
136
-300
123
-300
-300
-300
-300
110
-300
-300
-300
-300
-300
-300
-300
11
-300
193
-300
125
210
-300
92
-300
-300
-300
218
-300
-300
-300
94
188
267
154
-300
-105
-300
-300
-300
-300
-300
-300
198
-232
-300
-300
-300
-300
199
30
-300
-300
-300
-300
13
-300
-300
-300
99
179
288
-300
-300
-300
-300
-300
-300
203
-300
-300
-300
-300
-300
-300
-300
-300
-300
-300
-300
-300
140
-300
-300
94
28
-300
-300
-300
-300
-300
103
-300
-300
-300
-300
56
69
22
113
246
78
-300
-300
-300
-300
-300
-300
64
41
110
-300
-300
157
158
-300
88
-300
-300
284
-300
136
-300
11
172
97
-300
-300
-300
-300
-300
-300
-300
-300
-300
-300
-300
170
117
-300
165
268
-300
-300
-300
-300
-300
-300
-300
-300
-300
153
-300
-300
56
-300
-300
-300
174
-300
-300
-300
-300
-300
17
-300
126
-300
-300
115
197
-300
-300
75
-300
116
203
-300
219
-300
218
-300
154
190
-300
-300
39
-300
-300
26
-300
-300
-300
56
-300
86
58
-300
-300
-300
202
6
-237
-300
-300
-300
-300
200
46
-300
97
147
-300
-300
-300
174
221
107
154
-300
71
245
159
171
198
-300
188
264
-300
-300
122
-300
-300
-300
-300
-300
145
170
-300
-300
183
-300
-300
-300
-300
-128
228
193
-300
-300
-300
-300
133
87
-300
-300
135
-300
-300
49
166
97
144
-300
-300
-300
-300
-300
118
174
26
132
-300
267
159
-300
244
-300
27
-300
-300
-300
-300
-300
-300
-300
-300
161
-300
-300
173
-300
106
-300
-300
178
202
32
-300
118
-300
-300
150
-300
-300
-300
-300
-300
-300
-300
145
74
-300
-300
-300
190
-300
-300
160
119
176
-300
-300
192
-300
-300
46
-300
-300
27
-300
-300
-300
221
-300
153
178
-300
-300
109
233
-300
-300
-300
51
-300
175
202
173
34
-300
-300
181
105
-300
168
-300
-300
-300
153
-300
-300
184
129
265
-300
152
-300
-300
-300
-300
-300
133
-300
-300
-300
-300
140
-300
174
188
-300
170
-300
-300
-300
-133
142
218
-300
2
-300
-300
-300
-300
-300
-300
-300
-300
-300
-300
113
-300
-300
-300
-300
-300
125
-300
84
-300
175
-300
175
-300
151
185
-300
221
-300
-300
-300
-300
-155
269
174
-300
-300
-300
163
-300
-300
-300
-300
180
172
-300
-300
174
-300
-300
-300
-300
-300
-300
-300
106
-300
-300
-300
-300
-300
130
-121
-300
-300
149
158
-300
168
54
-300
-300
-300
-300
104
-300
172
-300
180
-300
-300
163
262
-300
-300
-300
-300
89
-300
-300
-300
247
-300
-300
157
201
-194
158
-300
207
-300
226
-300
141
-300
48
-300
-300
241
-300
27
-300
-300
-300
-300
-211
-34
-300
198
-300
138
-95
-150
-300
-300
-300
243
-300
-300
-300
-300
-300
-300
-149
-300
111
-300
-300
-300
266
-300
-300
-300
-300
-300
178
-300
-300
-300
-300
-300
90
-300
238
237
-101
-149
-300
-300
-300
-300
182
-300
232
-300
-300
-300
111
-300
191
-300
-137
-300
152
-300
-300
-75
-78
-300
-300
-300
-300
-300
-300
-300
-300
-133
-300
-300
-300
-300
-300
-300
-300
-300
-99
-300
-300
-300
-300
-300
-300
-300
-112
-300
-300
34
-300
-300
211
-300
-300
-180
-177
-300
-300
-300
-300
-300
-300
-300
-202
-300
-13
-300
-300
-300
-300
-300
-300
-300
-300
-300
-300
-259
-300
-203
-300
-300
98
-300
-300
-300
-300
-106
-300
-300
-300
-300
-195
225
-300
-102
-300
-240
-91
-300
-300
-38
-90
173
-300
-300
210
-300
-300
-300
-300
-300
-178
281
-300
-300
-300
-300
-300
-118
219
-300
-219
-300
-28
-300
-300
-300
-37
-300
-300
-300
-151
-21
-300
-60
-300
-300
-300
-300
-300
-300
-300
-300
-88
-54
-300
93
-300
-116
-300
-300
-300
-185
-300
-300
-300
-300
-300
-300
-69
-300
-300
-280
-300
-17
120
-13
-77
-300
14
-300
-300
-300
-120
-300
-300
-300
-300
-300
-300
-149
-28
201
-300
-300
-17
-300
-159
-133
-300
-146
-300
31
-300
-300
29
230
-142
-51
-126
-300
-96
224
-227
-300
-300
-300
-300
266
-300
-300
-300
-300
-300
-300
-300
-300
-76
-300
227
-300
-300
-161
-300
-300
-152
-300
-300
-176
189
-300
211
144
-300
-65
-98
-300
-300
-121
-300
-300
-99
-255
114
-144
-300
-105
-150
-202
-300
232
-192
-300
-242
-300
-300
66
-300
-300
-300
-300
-300
-153
-300
-300
-300
-300
-83
-300
-300
-164
-300
-300
-268
-300
-300
-130
-300
-300
-300
-300
-300
-300
-300
-300
-300
-300
-189
-300
256
170
-300
-300
148
-64
-147
-267
-63
-91
-300
-163
-300
-300
-300
-300
-300
-300
-300
-300
-300
-300
-188
-300
-221
-300
-300
-300
-269
-300
-205
-300
-75
-115
-300
-25
-300
-124
-45
-250
-123
-300
-300
-300
-174
-300
164
-300
-13
-300
-133
-79
-300
-300
244
-300
3
-300
-132
-204
-300
-141
-300
-300
-300
-300
26
148
9
-300
-293
-300
-300
-300
216
-300
-300
-300
-300
-145
-300
-300
-300
-300
62
-153
-300
134
-300
-300
-300
-300
-300
-300
-300
-163
-219
124
-300
-300
159
-144
-173
-300
-300
145
-300
-148
-300
-146
-300
-300
244
110
-300
-300
-300
119
162
68
-300
-300
97
-300
-282
40
-300
136
152
87
-300
-300
-300
-300
286
-300
-300
-300
-300
122
-203
77
122
-300
22
-300
-300
-300
-300
-300
-300
64
179
-300
-300
-300
225
-300
-300
-300
-300
-300
118
-300
217
14
-300
-300
-300
-300
-300
-300
-300
-300
275
187
-24
-300
82
-300
-300
-300
-300
-300
-300
-300
-300
-300
-300
191
-300
-300
-300
-46
79
-300
-300
95
-300
248
238
-300
171
125
167
-300
-134
-300
-300
-300
1
-300
-300
-300
-300
89
204
-300
56
-300
-294
31
-300
-300
-300
-300
-300
-300
-300
226
39
-300
-300
-300
-300
96
-300
-300
-300
-300
-300
-300
98
-258
-300
6
-300
-300
-300
-300
-300
-300
-300
114
60
-300
-300
-300
89
-300
-300
-96
-300
-300
251
125
146
-300
-300
137
147
-300
-300
-300
224
-300
203
204
114
48
-300
-300
-300
-300
-300
203
-224
-300
-300
187
-300
-300
-300
105
-300
10
50
-300
-300
-300
-300
-300
-300
102
-300
-300
-300
186
-300
69
-300
-300
145
89
-300
-300
204
-300
-300
-300
-300
-300
-136
-300
-300
-300
148
-300
-300
-300
-111
74
-300
-300
-300
-300
-300
-300
-300
-300
97
71
-300
-300
-300
-300
-300
-300
-300
181
-300
-300
-300
178
-300
177
-300
98
-136
173
-300
-300
157
96
-300
86
-300
-300
108
127
104
217
193
151
204
116
-300
-300
-300
-194
-300
-300
-300
186
-238
-159
-300
-113
4
203
-300
-300
-300
-300
37
-300
-300
-300
55
205
-300
-300
136
-300
82
-300
-300
212
-300
90
-300
-300
-300
-300
180
-300
-300
-300
-300
238
66
-81
88
-300
-300
-248
182
-300
136
-300
-86
209
223
182
-300
-300
192
-300
-300
204
-300
74
-300
-300
120
171
-300
-300
-300
-300
161
-300
-300
-300
-300
72
75
-300
157
293
-300
180
254
-300
179
161
-300
-300
-300
177
-300
222
-300
110
-300
276
173
-300
136
181
-300
-300
-300
183
175
-300
161
-192
254
-300
128
136
239
158
-300
226
-300
233
125
-125
155
89
221
158
-300
-300
-300
-300
-111
-300
-261
211
-300
-300
-300
-300
-300
166
108
-300
-221
-300
-300
-300
-300
45
-300
-300
-300
-300
107
-300
-300
-300
-300
-135
-300
-300
118
171
-300
-300
-300
-300
188
178
-300
275
104
-300
-300
171
-300
199
200
-300
32
-300
-300
-300
-300
148
-300
-300
237
29
-300
136
135
-300
227
-300
-300
191
64
198
-300
161
-300
249
128
-300
156
-300
-300
-300
-300
-300
-300
37
-300
159
-300
-257
-300
203
218
155
271
-300
-300
195
-300
169
98
190
-300
148
243
260
198
-300
-300
-300
-300
140
24
-300
-300
-300
-300
195
204
187
-238
-300
-300
213
171
-29
-300
-127
-300
26
-300
-300
-300
-300
219
-300
185
158
-300
158
-300
-300
-300
165
-287
-300
145
-300
66
225
-300
-300
-116
240
73
4
-300
-300
178
175
253
-300
-300
194
206
216
-300
223
-300
-300
-300
-300
-166
-300
135
160
-300
-300
165
-300
-300
-300
-300
-300
-300
257
125
287
129
194
-300
160
-300
56
291
23
120
200
-300
188
-300
-300
-300
220
237
231
-300
-300
237
-300
170
205
200
-300
-300
214
241
-300
144
-300
105
79
-300
-83
-300
-300
226
89
215
119
-300
122
-300
92
-300
208
-300
31
-300
212
167
195
145
137
279
-300
-300
165
-300
-300
209
188
240
-300
-300
-300
-300
-300
178
-300
238
185
236
68
-131
184
-300
-300
100
-300
-149
-300
111
-300
-300
201
-300
-300
-300
173
156
-300
229
-300
-300
201
193
107
173
125
-106
105
229
199
88
220
179
-300
172
136
160
115
196
-300
204
125
-300
160
-300
225
-300
-300
280
117
83
132
-300
-300
-300
-300
-300
84
-213
143
142
73
-300
-300
-300
-300
-300
128
69
132
-300
158
203
175
-300
-300
234
225
117
132
235
-300
-300
225
-300
-300
253
199
154
206
98
166
177
138
151
148
-300
-68
175
156
-300
92
89
-300
271
167
93
-300
-300
201
226
191
216
146
-145
171
128
73
-300
-202
-300
35
-300
157
-300
167
201
157
112
-300
142
-300
-300
115
177
-148
194
161
-300
-300
-300
180
7
-300
148
-300
188
228
-300
-224
-300
138
-300
155
-300
192
-300
-300
221
-120
-300
235
206
-300
106
207
169
71
211
-300
-300
185
177
-300
152
61
255
-300
230
-300
-300
149
-300
216
131
140
200
-300
152
35
168
263
-300
-300
188
89
-300
214
195
-300
-300
-300
-300
-196
111
-300
275
100
-300
-300
176
200
198
172
-300
-300
-300
-300
-300
-300
-300
188
-300
124
-300
240
-300
111
-300
57
188
107
197
-300
-300
-300
-139
-35
124
265
202
137
74
150
-300
-300
-207
169
-300
175
145
49
148
-300
85
159
129
-300
131
149
119
116
198
205
-209
259
159
123
-300
183
-300
140
107
297
247
138
-133
182
-300
72
8
-300
123
124
87
-300
-300
140
290
-300
211
199
208
291
146
190
208
192
118
267
154
181
158
-300
104
165
211
-248
179
140
-300
-300
-300
219
235
-172
260
-300
249
211
223
-300
-98
73
-300
225
140
134
-205
-300
31
-153
208
-241
162
122
-123
118
-300
199
-300
223
-300
-300
-300
-125
54
171
145
196
-100
127
227
79
110
-300
-300
203
149
212
-300
205
252
-67
24
-300
40
256
245
-300
191
171
-242
-300
-69
179
271
186
-81
76
-104
153
126
-76
164
136
119
160
230
-300
137
77
224
79
265
-214
135
-93
152
172
221
-106
216
-300
51
161
140
-131
146
-300
64
208
96
-300
-109
-300
-300
106
-300
-300
27
-300
2
-300
220
239
208
-170
123
-300
-114
-300
-300
-200
232
34
205
235
222
137
91
-300
-300
214
147
-300
-105
-300
175
218
285
-300
232
206
129
266
268
176
-300
102
211
57
131
-300
-246
173
124
-158
-300
107
-103
-300
183
-300
176
255
178
-300
201
-107
-300
203
-300
-300
194
