-300
-300
-300
-300
-300
-300
-300
-20
-300
-300
-113
-300
-300
-300
-300
-300
-300
-300
-300
-27
-168
-300
233
-10
-300
-300
-300
-300
-300
-151
-300
-300
-300
-300
-300
-300
-300
-300
-300
202
-300
-300
-300
-300
-300
-300
-300
-300
-300
-300
143
-11
-300
-216
-300
-300
-300
-90
-300
-300
-300
-300
-157
-274
-300
-12
207
62
-300
-300
-300
-300
245
-300
-300
-300
-300
-300
-300
-300
-300
-295
-300
44
-300
-300
-300
-261
-300
-300
-179
-258
41
-300
-300
148
-263
-300
-179
205
-72
-300
-300
-208
-300
-38
-300
-300
-300
-161
-76
-300
-300
246
195
-300
-300
-300
-300
-300
-300
-300
115
-72
-300
285
-300
-300
-300
154
-300
-300
-300
-241
-300
-300
-291
-300
-300
-300
234
208
-300
-300
-300
-300
-291
-89
-243
146
-300
-160
150
-300
-300
-145
-133
-153
-300
-300
139
-130
-300
-300
-51
-121
-166
-300
-158
-154
237
-192
-128
136
183
-92
109
-127
-300
-300
-300
-300
-300
-188
-300
-91
-243
-249
49
-186
-300
-104
-123
-67
-293
-300
-300
196
-156
-300
-123
-300
-300
-300
-237
-292
-173
79
-181
-149
-300
-212
-182
-40
-300
-300
-110
-300
-148
-91
-300
-300
-300
-300
-300
-120
212
-95
-195
-71
-300
-247
-300
-255
-265
-129
-164
-264
-177
-277
-300
155
-85
-300
-121
65
-172
-64
-300
-85
-95
-177
-139
-74
-288
-300
-149
33
164
-122
96
-200
-114
-300
-300
-109
-112
-129
-55
-236
262
-117
-300
-146
-300
-300
-87
-133
-168
-84
-127
-150
-300
-300
-291
213
-267
195
-50
-152
152
-204
-300
-103
-300
-156
-79
-300
52
-102
-85
-300
-101
130
-76
205
-154
-48
-300
-300
-96
194
-132
-119
-86
-140
-300
-91
172
-216
-76
-99
23
-168
-230
-215
193
-124
-298
-187
-60
91
-127
-40
-116
-58
-300
-64
-92
-163
-118
-135
-155
-108
-47
-217
-131
-104
-300
-188
137
-107
-60
-131
-119
-127
-46
-300
-179
-164
-132
-145
190
-215
143
-143
-199
-140
-51
-150
-104
-164
-92
-131
207
-113
-221
-183
-186
-124
-300
-300
-151
121
-300
-159
-118
194
-300
-156
-219
-123
-96
187
-208
-189
-280
204
-75
-96
-140
-122
-128
-80
-151
-300
216
-101
221
-70
226
-139
-121
-300
174
-116
-300
-98
-212
-69
97
102
-135
-300
-182
-212
216
-216
-45
-77
-107
-135
-285
-300
-27
-119
-158
-16
-105
-70
-95
-191
-71
223
200
-119
-105
198
-144
-56
-300
228
-108
-31
-47
-91
-96
-78
128
-150
141
183
236
-120
-80
178
-170
-36
189
-300
-152
186
192
-68
-300
-144
-106
-300
-127
-98
195
-123
-264
222
-65
241
-21
-121
-80
120
-143
169
-123
242
-100
-99
-300
-93
-278
-136
-127
-300
-68
-189
-300
-220
-177
225
-71
-101
-300
-61
209
-198
-124
-300
220
-136
-110
-78
-51
-170
-29
-50
-139
144
230
-111
-95
173
227
217
-234
-240
265
-112
-136
-300
-76
-120
-89
131
279
229
-112
-245
-102
-300
117
-111
-62
-33
-74
-76
-87
-94
178
-249
-300
206
-94
-300
185
-139
-97
256
93
177
204
-208
225
251
-35
213
-98
-94
-45
-107
-68
-66
-111
230
284
-180
-92
-99
-31
-120
-87
-104
-61
208
-67
-300
217
-84
206
257
227
-146
-118
219
-123
-72
-80
-120
-112
195
250
-78
-115
-300
-101
-150
-296
-127
-114
-51
-223
-117
-300
-278
-160
219
-131
166
-116
-83
-54
150
-127
-149
-135
196
-90
-95
-125
-219
-81
221
154
-77
-102
277
-90
233
-85
213
-93
-56
-94
-116
204
-145
-190
-73
200
-115
210
-96
265
-86
-187
-119
109
-187
-51
-112
-126
254
274
-39
200
199
231
89
237
249
157
-220
140
198
203
-293
218
163
216
-118
191
236
181
-115
238
-171
187
245
-230
230
258
-128
-169
-96
225
206
-21
-103
-61
-72
-108
-78
-54
-213
246
231
-107
-73
208
-281
-83
272
-300
-91
-32
183
-121
-149
-142
197
-77
-83
189
-80
-94
183
165
-102
-115
-85
-238
-182
-115
8
-300
-75
-169
179
-77
179
-112
-84
152
-98
192
-25
178
210
-300
212
-71
185
240
-96
191
-69
197
-113
-300
270
-104
210
270
-68
-115
-82
258
-300
-213
-90
187
266
113
22
-300
217
-156
279
222
-110
-300
-258
226
-46
-108
135
-129
-118
-75
-100
190
-300
-154
-45
31
246
201
-100
239
159
239
-108
-73
-94
-103
227
-300
255
39
-148
-81
-107
-300
-99
175
-96
-99
263
-80
-74
-102
237
-76
219
214
-300
-102
237
-175
-115
232
192
-300
-300
-193
-102
-112
-182
-70
162
-112
165
-72
-300
-38
-300
-176
-300
-262
-83
239
-95
-166
-100
-87
-131
86
-152
196
252
243
-98
-136
-161
217
-300
-99
-98
-73
-106
-97
180
222
235
-48
-63
-93
-103
195
-79
-113
222
-43
167
224
-219
-149
-98
-85
-300
-121
218
-69
-300
160
-78
-99
-171
208
220
-49
-300
-145
183
-45
-116
-242
-99
-104
242
175
-92
-110
-70
-300
-115
-107
-149
178
-88
267
-111
217
-91
183
-196
213
-154
180
-87
-75
-300
-22
150
-69
-112
191
203
-164
-140
-148
113
-54
-48
208
254
168
230
220
276
-300
-300
171
123
166
212
-87
187
-114
-300
182
-68
226
-93
243
-121
238
237
201
-213
191
-119
245
185
-94
233
-67
-128
229
-95
-100
-188
-300
-145
-69
175
-300
165
224
-109
-92
-300
189
-69
281
233
-220
54
257
-97
-160
162
224
252
-82
-136
190
142
52
215
-93
91
116
-73
-300
169
233
-89
206
-99
277
228
221
-300
236
-300
-47
-300
243
198
-26
-95
-83
212
200
-300
232
132
-103
-90
-300
-80
-71
151
-66
-168
-119
159
-65
247
-83
-68
-99
-89
209
229
-34
-149
-80
-184
198
-73
215
-80
-300
178
-178
-96
-79
217
-99
204
-83
-138
237
-38
241
-300
169
-105
-71
230
-103
172
-300
219
-174
-119
245
-94
-81
206
244
-66
-103
-89
-75
-130
-224
-73
228
-300
-300
-108
222
-106
-104
-76
-79
-117
165
-74
150
216
-83
222
245
-265
223
86
-300
-300
-63
231
259
-300
195
50
202
-124
-300
-300
225
198
-37
-110
232
55
106
-80
223
-300
241
-21
-99
-68
-104
-300
203
141
-81
214
-243
-117
-111
222
-300
-199
204
231
198
-68
232
-114
222
-79
-115
222
270
202
-61
185
-168
-98
-300
-300
232
-300
224
231
-53
128
220
-300
280
-86
-86
-82
103
244
-270
-49
-103
-100
253
-75
-300
186
228
216
192
-86
167
-61
234
-130
188
-101
212
-90
175
-52
-70
-70
171
247
198
249
237
202
144
234
-254
-115
241
227
-146
231
266
-103
-73
242
-300
-300
234
116
-141
-75
114
-38
-156
67
-101
-41
212
121
159
186
243
221
-87
252
-97
-62
-237
40
-67
206
230
-84
196
229
-80
220
-160
-59
187
-300
233
170
228
242
225
207
225
238
-300
197
-300
237
-95
-101
250
-63
-300
268
-87
261
-76
-87
-115
207
230
-159
-100
-82
-173
233
-93
217
-96
-88
227
-97
221
-66
227
169
-108
206
-46
234
-147
-112
-300
-109
-89
197
230
205
143
-109
-88
-300
-100
172
230
-102
207
211
192
248
-91
160
179
273
198
-84
235
-75
188
-158
211
-148
233
-144
-84
-96
-55
220
-92
222
223
288
-297
-175
261
-90
-48
-300
219
127
227
-300
151
-162
-104
238
-71
-54
-83
-108
-300
156
-300
229
-171
-126
-108
206
-104
-300
-113
-38
241
-300
216
262
-96
208
-300
-71
221
-218
-91
-98
246
-27
-116
243
80
118
-99
216
-131
216
220
-141
110
244
-300
233
-300
211
-78
-100
18
225
220
214
213
250
-150
-111
192
200
236
220
-96
-153
248
185
99
-125
-79
211
-65
229
213
-77
223
-300
-131
125
-133
-300
-46
-300
179
94
209
-300
-194
-89
-83
-115
194
154
186
-107
208
168
214
220
-74
223
196
-300
-92
-300
-115
-98
-300
-113
-66
232
239
219
-101
172
235
190
222
222
256
203
230
-104
192
207
220
198
203
-97
103
233
-69
213
179
-63
-176
189
231
199
125
200
-104
224
192
-82
-300
-110
-300
214
-37
-156
-75
195
-53
231
-173
193
-74
-91
206
222
80
175
221
212
255
171
-22
-82
204
232
-153
225
-300
216
236
-99
-65
-139
-300
-54
243
-87
-80
-128
258
256
-64
-300
-75
194
-59
245
231
-79
235
215
-84
282
265
-66
-88
-102
165
-35
-116
245
256
202
-25
217
-85
-108
216
246
141
162
-300
244
175
-74
230
198
155
-85
204
235
218
-89
-126
-70
-66
213
208
206
190
229
196
-300
-114
-300
-300
183
217
213
210
219
-300
212
-152
218
-102
-198
263
293
233
229
-50
-300
198
-128
217
-206
-49
-57
207
213
205
217
74
-115
238
225
167
-100
-24
208
145
-100
245
237
228
278
-156
-185
-134
210
-115
231
-91
230
-140
200
-110
134
234
-75
193
134
189
229
-96
-53
-123
-140
182
-79
241
203
228
245
194
-102
247
-300
229
242
-300
196
142
229
156
217
201
-60
232
210
-300
-71
-300
233
-136
138
267
-44
-111
247
38
-300
242
-130
-96
241
-40
-122
215
223
-86
-259
-75
223
209
238
237
182
230
-106
-256
-87
228
-300
230
-300
-63
242
149
126
216
245
-153
-45
249
137
222
195
236
251
244
185
-300
-66
212
184
-300
-300
-138
270
171
118
-135
-300
-72
-64
-93
210
-36
237
-223
181
-300
-65
200
166
227
223
210
-87
208
200
-300
105
-300
204
229
65
223
-300
249
167
226
246
165
268
206
229
164
200
181
259
165
-84
109
187
-300
170
181
-195
-300
240
210
229
-300
216
175
157
265
234
186
161
227
229
83
-45
-300
-300
-79
166
157
195
262
-66
262
-300
232
-67
241
-300
-168
-43
228
202
-101
184
-69
-89
-300
-42
-300
-62
94
-61
133
188
210
246
-88
-32
-300
252
232
-115
-113
241
-56
228
-300
213
-300
175
-300
-80
229
228
222
-300
228
211
209
-300
200
219
246
152
228
205
-84
-96
237
162
240
-55
221
178
218
179
175
226
222
-38
177
-157
213
256
216
169
195
-300
160
249
232
-100
-134
220
185
-300
226
226
283
233
236
-132
231
-300
-94
-300
-201
-300
-155
-76
100
-55
201
219
249
-35
206
226
-95
-91
-114
169
233
-67
148
216
177
-91
-167
178
256
208
183
-44
137
-88
-147
218
213
-142
139
-88
205
210
219
-59
193
216
213
-103
-300
225
216
196
229
-300
-90
235
-79
-57
53
209
-118
-218
214
-300
-72
-92
183
-89
187
241
-81
236
225
-300
240
187
-300
-300
238
239
-81
214
223
-300
246
267
226
-130
193
208
215
201
227
-81
220
233
-68
147
-300
240
229
-133
-139
265
-87
229
-110
216
149
184
185
228
172
156
219
234
-118
218
241
218
238
159
184
-300
290
270
189
168
224
-300
242
225
238
218
-300
-300
-128
235
-76
256
223
204
53
227
200
200
-70
152
210
-300
216
-300
-77
231
-300
232
-81
206
215
-300
-65
201
73
168
55
-59
228
178
-300
228
144
-84
-110
222
174
-120
-63
-172
-300
209
188
261
253
178
257
214
208
-300
-85
254
242
229
-91
259
261
-88
-75
-89
195
208
155
239
210
-300
215
227
-107
-52
-65
230
204
-95
-122
-125
234
152
226
231
218
-300
227
-87
243
178
154
-73
249
206
235
224
221
229
-87
246
99
224
-79
228
206
258
237
239
-83
197
214
181
-300
205
222
230
-300
-77
-81
94
-113
-300
-148
231
-58
128
-107
206
221
-89
221
-300
187
161
-83
235
197
-60
232
98
219
-300
191
201
216
217
213
232
245
256
-57
-300
141
253
136
199
226
275
167
236
206
-300
234
251
189
-300
-300
218
210
-95
272
220
208
222
229
-91
201
-62
-300
-183
-53
219
255
-80
277
-300
-300
250
-112
-47
-93
255
145
269
258
227
251
228
219
-148
-59
243
-29
259
177
226
265
299
202
249
234
-300
230
-300
-300
237
229
250
-78
163
219
204
202
248
239
132
-300
194
-86
183
210
-149
196
203
254
206
226
170
170
-300
218
217
250
231
148
198
236
215
195
197
222
187
240
223
-85
250
250
-43
190
219
220
181
207
-107
224
144
-92
246
-83
232
225
-85
250
161
248
237
225
212
232
207
261
194
-300
233
233
216
-300
237
235
234
196
238
227
236
220
232
-300
210
201
197
196
232
-131
221
230
218
242
-300
276
218
164
170
207
230
143
210
204
197
204
202
240
206
236
244
-80
160
191
-93
150
259
-132
-110
177
230
-95
183
224
177
-300
266
146
144
234
200
247
225
215
223
245
147
-119
249
246
162
183
166
217
-131
254
-300
220
200
58
229
280
203
206
177
-117
176
225
255
277
202
-85
248
216
259
222
237
-63
220
241
190
240
243
-25
268
205
-106
223
-81
209
185
245
170
-300
218
48
178
-300
161
-48
228
194
206
213
-113
233
-73
229
216
176
144
-70
220
-81
-58
-116
105
-94
153
180
173
-83
200
-72
173
175
-300
198
236
-59
262
243
241
223
-54
213
-300
251
-300
219
221
227
-104
217
210
229
249
195
185
170
182
219
270
97
219
235
170
202
221
179
206
229
227
162
156
243
228
99
-85
237
236
245
213
242
202
-300
286
241
233
-300
-300
114
-300
194
198
176
209
-107
255
147
-132
210
221
239
197
241
234
219
-62
273
218
224
-45
243
-300
256
-62
225
203
153
221
208
207
-165
227
-300
179
206
-87
-300
194
244
252
226
218
261
233
237
186
224
210
-74
-75
231
-300
223
202
137
-111
-44
167
201
220
-300
235
188
127
245
190
230
227
-300
-87
234
252
-300
245
243
251
-53
172
-94
166
193
-92
180
-133
219
-104
252
237
186
172
192
-300
264
150
193
258
155
245
226
218
-300
245
-300
169
244
257
214
208
233
-74
264
219
220
-300
200
174
207
271
167
217
259
226
234
222
231
-56
233
212
215
230
237
208
-33
-300
196
203
-77
158
247
282
204
229
270
168
223
209
253
214
228
206
245
230
-242
207
-300
234
214
218
194
232
229
240
224
-117
172
199
221
235
199
234
167
193
-102
227
-96
163
217
257
-62
-300
210
246
232
214
-300
181
235
219
-300
-300
-142
159
199
193
219
256
-74
217
226
240
162
206
159
251
-94
-25
237
217
255
232
144
-300
266
220
224
267
249
284
196
235
248
231
209
-270
243
-82
229
-300
230
201
220
209
222
201
226
-86
196
193
234
142
216
242
247
135
260
219
232
249
223
246
150
243
131
172
-300
-158
191
246
-153
159
174
258
214
249
198
-88
166
181
76
204
251
200
229
216
209
-93
-69
197
156
177
-53
183
234
177
148
184
242
167
258
252
215
246
-300
156
188
232
224
211
198
-56
237
200
224
200
-300
218
263
203
209
-300
180
271
-300
208
-117
-81
192
226
202
228
-63
211
-300
231
-300
194
-128
129
240
246
260
159
261
242
-92
149
262
195
206
172
203
222
199
212
205
190
248
258
235
-81
166
220
-99
-76
211
250
-40
239
132
81
205
-94
229
217
216
170
205
256
182
-90
204
211
178
212
-111
240
231
135
222
223
185
228
266
273
194
-300
163
222
-300
-300
221
-73
-99
149
221
191
225
246
-80
148
232
273
180
267
239
-300
201
157
187
282
-181
228
226
232
265
-98
249
177
166
-300
218
207
-147
193
254
216
235
259
222
235
187
243
238
-59
248
206
223
242
-300
-300
219
236
202
-109
256
-300
259
257
-77
247
-123
-91
180
197
185
181
223
120
232
228
234
-68
218
-50
226
234
-43
208
181
167
235
258
208
234
210
227
226
199
239
187
260
208
187
196
230
217
-300
225
-300
169
201
-106
197
5
119
-72
153
261
-149
-300
214
-62
153
-300
189
187
238
225
-300
174
248
-300
252
236
-300
-300
167
-130
-300
159
190
157
249
199
221
280
173
212
239
223
235
-300
209
-81
-300
-95
244
-186
237
-300
-300
174
209
198
220
222
168
-151
170
-300
178
234
197
-300
197
187
-300
239
217
186
246
247
206
209
192
191
217
225
231
-300
251
-81
-66
215
127
246
203
218
239
-300
-300
203
-300
218
194
252
251
-300
-94
179
-300
221
162
216
-300
201
192
-300
270
214
206
236
255
165
229
233
206
-63
217
243
170
191
-300
-300
242
242
201
107
-89
-300
217
270
214
-300
235
191
209
-107
-300
200
234
210
231
230
-300
-300
239
243
211
-127
-134
-76
176
208
203
269
228
227
161
242
-231
215
198
-300
135
134
231
190
-300
237
-300
231
-300
-300
208
147
224
120
233
217
-300
-300
246
-66
209
154
229
232
211
211
227
215
235
-300
178
176
261
-10
220
264
228
238
265
208
175
207
179
243
191
206
256
-300
219
185
145
210
196
204
121
196
203
237
258
238
182
137
-300
206
185
197
214
155
238
209
-300
213
223
248
252
255
230
242
-300
37
209
248
234
-300
-67
209
234
-300
155
154
233
-126
-300
-300
195
-143
192
188
110
151
241
225
-300
236
206
236
159
243
-300
228
228
235
217
244
219
234
8
244
-75
209
212
-300
263
228
194
209
198
-61
261
237
238
-300
243
194
204
-144
199
249
210
223
156
269
249
-300
241
236
208
266
233
228
230
230
236
181
200
-93
252
203
207
230
186
182
-300
241
217
289
236
199
231
-74
-82
231
261
264
209
239
231
242
205
217
-300
234
224
-179
127
-300
231
228
203
241
227
246
234
181
209
231
242
-300
-95
-300
189
209
215
232
221
228
2
224
212
237
232
-87
221
116
224
-92
242
160
227
228
205
-300
192
106
-300
257
241
214
225
222
230
223
224
235
-129
-300
-300
207
228
-300
-300
249
260
237
202
153
228
259
208
202
182
202
154
-300
222
179
-300
239
-300
200
270
211
-300
200
159
190
201
-106
-205
206
160
18
231
222
209
-300
237
-236
216
236
218
-141
272
-151
217
268
211
-58
219
219
183
249
-300
-300
203
248
252
193
151
-65
228
204
247
242
203
214
205
212
214
221
190
223
197
216
211
210
229
237
253
-300
232
180
-54
247
229
182
266
166
156
226
227
100
248
131
197
145
241
266
184
194
248
-96
250
163
190
205
283
249
227
219
189
213
-300
16
189
-300
-60
223
226
229
-55
257
-300
185
195
171
248
195
220
257
-300
152
233
244
244
-300
199
192
179
257
189
242
201
225
186
217
197
174
181
113
215
-300
252
-87
-300
186
222
162
125
245
160
-300
-300
197
-300
231
225
235
-41
231
259
195
206
205
122
-110
-300
183
232
237
-300
191
209
212
217
-300
242
190
228
34
196
211
210
-112
196
141
267
-49
233
272
206
184
252
267
237
168
-80
220
234
239
232
261
213
189
177
260
196
216
179
231
201
255
255
250
235
199
179
190
204
217
236
86
163
175
140
238
233
-300
225
166
213
240
-300
262
-300
223
207
162
212
217
221
-272
259
-300
193
260
206
170
198
227
210
233
236
270
-78
224
-61
231
-74
178
192
-124
256
-90
203
236
204
240
206
239
219
-300
-300
-300
194
201
-68
215
161
-112
230
208
198
230
255
237
227
202
-78
254
-300
213
222
111
128
207
167
-300
-289
219
224
176
176
224
242
175
216
209
203
248
225
-103
237
215
204
242
248
-300
1
-300
133
237
221
181
-106
243
213
235
222
226
242
-300
164
220
-104
246
-79
237
223
223
250
217
203
-140
-300
-62
231
264
200
224
194
6
217
208
203
-186
248
-300
-300
241
-300
244
199
-300
242
220
262
231
239
-300
-300
233
211
-300
238
-300
207
-300
-300
234
-300
217
229
-137
249
238
250
-30
-300
223
206
287
223
138
238
226
230
258
244
240
-75
227
228
233
227
207
224
-300
228
205
206
218
-300
-300
189
143
-300
206
259
-78
223
77
251
-300
174
135
228
-93
241
-75
-103
241
213
230
-300
274
-300
264
-300
-300
193
256
198
196
212
-300
216
-300
-300
215
225
155
280
201
-300
184
-300
-300
277
261
236
-300
266
216
226
195
-57
159
248
198
247
230
251
78
100
162
234
-300
-300
195
-20
219
224
228
209
229
240
211
166
208
-300
202
211
149
255
-300
185
143
-300
194
-300
248
252
243
205
245
198
-300
213
241
259
-300
227
234
263
255
-300
228
-92
206
-144
171
257
240
269
194
234
188
221
211
238
205
173
212
227
218
156
-300
201
248
253
237
-89
-300
227
-300
225
236
208
220
226
203
-300
180
182
231
-106
232
215
241
258
238
251
243
211
223
232
232
159
252
-37
162
242
244
245
212
226
202
-300
235
-121
253
203
263
-300
239
237
231
-45
-124
221
208
231
-49
-68
166
224
252
234
-104
8
-300
213
-300
-84
-77
245
203
189
218
-51
-300
206
219
257
-99
-100
204
-300
197
-106
84
233
179
-300
222
-300
210
199
213
216
226
215
220
280
189
231
-300
-300
209
-300
129
243
-63
186
228
261
207
-300
188
215
188
-300
-300
219
211
237
240
287
-300
222
195
190
234
212
209
153
201
-62
227
249
190
-300
211
-300
237
238
-300
-300
192
-300
253
210
203
176
-300
222
214
219
-77
-300
234
247
230
156
232
252
212
267
220
172
211
199
223
226
237
-300
222
-300
-300
212
241
238
206
-300
162
-98
136
247
238
-300
179
-95
-124
161
237
236
241
270
225
185
244
239
191
-300
113
194
-300
236
240
219
-300
221
213
208
227
-300
-300
224
276
232
213
231
-75
211
234
-300
219
197
215
205
221
240
208
214
242
224
173
253
211
218
210
202
187
-121
251
176
256
253
242
114
-300
222
215
212
149
228
-82
212
158
161
259
237
235
223
-123
178
159
-300
203
-300
-135
268
232
241
-300
176
183
211
263
188
-300
209
244
239
202
164
197
199
151
240
244
186
258
216
233
219
44
222
-300
-300
233
-300
195
263
-300
188
113
215
213
257
274
151
265
234
242
-84
207
205
229
212
234
182
188
-300
230
225
156
-300
174
138
-96
-106
-94
209
213
227
227
219
215
207
-300
193
205
193
209
246
226
238
-300
236
196
235
268
245
238
271
220
-300
85
253
244
-91
185
246
191
220
231
222
235
182
180
267
161
251
167
-300
-300
211
234
172
240
-300
-300
-4
-300
188
226
192
123
257
185
229
225
-300
163
175
205
191
258
218
232
226
237
-58
242
214
-91
233
-300
197
240
214
206
239
191
-300
250
167
-61
-300
176
164
-76
233
-300
-300
237
193
228
-77
178
234
180
227
163
248
141
201
-300
170
210
261
-300
219
267
-300
237
204
205
165
221
185
219
233
-155
232
88
163
182
-59
208
-300
248
215
248
225
-94
177
184
219
210
220
243
227
249
206
228
255
230
-71
249
-300
-300
230
229
192
168
177
180
187
259
-111
238
-300
107
223
224
210
204
230
-84
-300
-300
135
201
244
251
243
238
229
223
-82
218
193
236
166
230
217
265
-300
-79
222
-300
-76
188
236
175
-300
-121
215
208
-240
131
223
182
227
217
202
240
223
185
122
234
230
152
236
223
250
176
215
228
-300
211
-300
239
236
-300
195
-300
241
225
62
241
214
244
193
233
-300
201
207
228
214
224
-300
197
240
210
248
219
207
234
241
186
-97
-300
223
-110
254
216
228
251
206
244
208
196
198
205
220
-79
-18
160
233
-300
-126
243
215
-300
200
221
207
212
225
257
-73
199
264
236
-53
38
-300
-61
250
232
-300
121
211
244
174
168
130
211
174
245
192
-56
264
-300
240
180
213
224
-86
-300
178
259
155
213
194
220
218
188
258
-300
217
243
120
250
232
218
133
107
254
194
-76
277
214
256
253
228
238
203
232
-300
-300
211
240
246
189
192
275
216
225
223
216
208
259
186
223
-300
214
222
207
197
-90
232
-66
229
266
214
197
200
-300
-300
218
115
162
220
229
237
223
205
226
151
-90
213
243
219
212
206
197
233
118
212
227
217
152
227
210
259
153
144
180
211
-300
187
213
237
195
145
291
219
220
192
213
-300
230
224
188
252
205
-165
198
130
231
226
-300
-300
255
248
87
223
175
68
219
199
-300
247
-300
212
229
-300
213
187
235
181
-82
239
188
94
206
244
189
-100
224
254
-300
197
217
-300
-128
206
255
180
256
-300
256
-300
203
276
221
228
203
-90
238
-82
247
230
207
205
176
-117
214
-64
182
222
228
218
221
190
234
183
-300
137
250
274
187
198
210
260
233
230
192
246
216
261
200
205
142
221
210
239
251
269
214
248
-85
-61
-300
-300
219
144
148
253
185
229
-300
263
246
231
206
225
191
257
-300
199
219
199
173
241
209
195
-115
229
-300
226
211
236
255
224
-300
-57
214
228
190
142
226
-78
-300
248
-300
-300
207
201
219
147
186
202
208
206
-95
168
-109
223
220
199
200
207
-300
227
207
158
236
225
180
117
-300
246
229
165
159
233
228
258
232
3
271
243
156
223
206
222
236
31
213
202
-300
168
207
243
259
214
176
220
157
261
176
240
244
237
266
243
202
221
184
237
213
216
193
202
248
225
247
-300
212
209
237
-78
230
248
197
-300
261
-87
-300
219
207
218
224
223
242
186
225
-300
148
204
240
94
215
-300
259
232
218
216
-103
-64
-102
247
261
225
226
179
266
-55
210
234
216
-118
223
140
212
145
-72
193
222
184
215
225
228
-300
197
-152
182
113
275
-300
231
213
206
293
198
254
214
260
-300
231
252
-75
248
-226
225
240
205
203
206
244
268
266
-300
244
148
249
247
233
212
212
-300
264
251
-300
241
-300
177
160
233
241
-200
230
223
209
-133
265
187
221
246
-300
205
-300
12
233
231
225
-300
197
214
234
198
206
216
200
231
-300
220
245
-300
236
-300
253
256
-300
210
221
236
-121
201
-300
135
-300
241
229
200
223
-300
-300
172
-300
-300
222
199
-300
202
197
212
-300
227
245
232
183
148
201
239
237
-60
165
-56
-300
233
229
222
265
207
226
-300
184
227
-300
227
208
217
221
-300
183
170
149
234
193
-300
-300
210
181
213
262
216
235
260
139
230
236
220
191
241
214
206
228
228
159
-300
64
224
210
-300
239
185
147
208
241
238
259
240
250
-81
227
232
208
225
228
143
149
248
207
260
239
-87
248
228
229
-300
152
231
240
239
-82
247
215
214
-300
265
220
212
255
236
197
232
206
267
212
255
180
198
226
231
-300
-77
220
-60
232
-300
-300
219
-300
182
-300
-300
221
-77
188
229
204
242
254
-300
214
227
220
256
220
-81
221
238
252
-300
253
225
190
152
259
266
240
221
255
248
-300
-300
194
212
192
-300
-111
209
233
250
188
223
189
200
237
194
206
228
226
199
102
-300
178
196
-114
210
194
215
-28
154
226
227
239
148
212
-300
-300
242
85
226
218
210
267
231
187
227
222
250
228
-300
219
-300
104
-300
-300
248
192
210
201
-300
-300
199
185
237
230
196
234
167
230
213
178
241
-300
219
179
193
206
-300
250
244
209
233
-300
-46
149
-68
205
191
-101
206
145
234
204
266
219
234
184
226
233
-115
251
-158
120
215
256
209
226
199
219
196
-300
188
186
-129
135
238
-300
227
161
-300
150
246
-300
169
209
246
-80
-300
204
198
187
-134
222
236
216
235
223
203
217
216
-300
-80
-43
-300
238
235
275
-300
202
241
240
229
277
231
228
225
128
-300
-300
186
-300
246
-77
256
246
205
209
228
232
-73
225
199
205
291
-300
102
239
-172
237
210
213
245
278
203
221
234
213
186
-300
234
197
-34
152
214
-300
229
247
218
232
-300
191
-300
207
-300
199
237
248
249
-106
262
-300
145
218
-300
218
86
183
229
258
147
86
135
242
162
251
233
113
267
-92
-300
176
199
201
198
233
233
227
232
239
294
229
204
216
213
222
218
183
197
251
240
231
217
173
272
233
247
173
211
159
261
172
218
176
130
208
212
243
254
258
188
-246
229
211
253
-300
180
-300
181
-82
199
223
246
172
236
213
216
206
255
239
122
201
-300
199
243
149
216
244
212
209
246
261
209
259
195
-300
210
208
235
214
235
175
242
-300
-300
244
122
262
227
139
259
267
205
176
237
239
220
295
233
234
119
148
191
207
128
189
-142
231
217
216
264
148
224
198
231
160
-300
-300
199
230
-300
151
171
218
279
-58
247
206
238
163
282
232
270
209
-300
203
155
263
-300
223
178
192
221
-300
200
114
213
-300
238
211
236
-300
216
244
131
206
245
174
233
146
199
191
254
244
226
180
-300
206
136
-300
174
187
191
-300
214
-300
243
234
-300
203
210
183
239
256
236
252
-300
224
-300
218
213
199
263
200
210
187
216
-300
202
240
176
179
240
-300
-300
222
-105
-300
259
183
251
126
219
252
254
170
189
-44
-85
192
249
209
172
210
185
209
181
231
233
210
209
246
169
243
237
172
182
232
158
234
271
137
219
273
-300
235
228
229
225
156
162
-300
176
-300
-300
233
231
199
255
-300
-300
239
206
244
244
213
-26
-300
170
-300
207
243
166
234
238
-89
-300
250
129
158
180
162
225
255
-125
248
-300
220
188
239
173
234
246
177
32
172
156
-86
224
240
-300
174
272
118
244
234
-270
216
230
289
205
161
249
178
235
232
203
136
187
-300
227
218
247
211
214
260
153
182
256
216
242
188
-300
268
199
-300
262
254
-152
141
238
223
160
222
191
233
224
260
211
-300
165
249
205
-300
-300
-300
229
-300
-103
100
230
128
259
-170
231
-300
-76
-75
179
241
206
201
246
223
224
162
232
131
-300
211
171
187
118
159
-300
-300
-56
237
96
186
-105
219
-300
231
236
234
-300
207
153
-48
217
251
-65
201
257
185
-300
232
215
204
241
-85
-300
150
233
244
136
210
191
237
202
233
-300
244
208
218
205
235
148
164
202
-153
-300
261
195
224
213
220
-300
234
-300
243
-300
-300
-76
182
201
246
180
257
145
173
228
184
236
213
159
-300
203
263
-134
227
218
235
227
209
286
198
222
221
187
-300
206
244
176
211
206
128
196
229
-300
262
213
219
255
199
244
228
200
191
161
219
227
197
-278
208
231
257
236
204
189
249
232
237
227
231
199
239
199
229
236
202
228
248
128
229
175
230
184
239
180
194
-167
243
227
178
211
243
203
226
-86
206
261
265
-300
206
-159
163
246
205
178
89
220
109
189
215
229
235
195
180
212
177
153
200
-99
234
227
250
256
212
238
160
280
-300
213
251
260
250
204
252
161
-300
195
219
-20
232
-300
193
222
-300
199
235
238
211
256
174
-300
198
-68
206
-300
205
142
211
231
206
196
-300
240
234
156
194
171
-300
238
230
214
195
198
228
187
221
236
243
234
-300
231
209
191
233
175
122
-107
203
247
272
234
-300
243
226
224
235
253
223
268
234
240
255
224
248
226
-130
173
-300
236
224
-300
216
-300
215
261
269
232
252
181
233
145
274
257
151
227
239
219
-76
245
-139
226
-300
196
224
217
238
186
158
206
176
225
-83
-300
215
229
246
-300
202
222
-108
220
246
-300
253
172
-300
-300
257
172
204
-85
149
-300
-300
146
251
197
-132
181
211
238
189
-300
204
170
184
228
234
233
232
203
218
197
235
212
251
-300
196
127
-70
190
245
232
220
231
206
241
257
285
224
220
225
247
268
259
-300
194
218
165
146
214
208
171
223
227
212
230
197
230
227
206
227
226
185
-50
-300
236
184
-124
200
207
230
225
192
204
-300
196
-161
234
139
208
-300
-300
238
180
174
211
170
234
195
-173
-300
235
255
224
240
160
272
165
232
-300
286
220
192
245
209
278
214
267
274
244
219
96
226
186
252
241
222
210
-156
-143
-300
173
215
-300
-300
191
92
181
242
187
-300
219
181
186
-58
234
195
231
237
245
217
-300
253
211
234
220
212
209
258
268
213
229
214
250
240
241
254
221
210
268
218
-300
232
-300
249
188
-100
228
221
64
242
239
197
221
256
-300
138
-300
174
148
240
-300
164
279
244
215
246
224
236
115
183
116
186
217
211
177
219
239
209
-300
228
183
223
247
237
-300
185
193
225
248
255
220
-300
153
-64
229
138
215
186
197
-300
218
254
216
191
227
223
-300
210
208
249
155
222
-138
110
237
-300
-300
236
155
230
-79
-300
261
-300
232
217
216
-134
278
173
-300
-300
264
131
-76
248
226
235
182
194
175
214
248
164
235
103
118
213
200
251
256
123
236
-300
-300
224
244
76
200
-300
-300
210
-300
235
195
213
86
216
243
260
197
-300
193
208
-300
187
264
-68
220
-93
285
-300
247
185
127
-300
222
279
237
-300
230
254
236
232
142
204
153
229
-300
227
-300
247
-300
262
225
171
201
231
210
210
253
249
239
243
153
217
263
220
199
222
208
247
-300
220
247
228
193
-300
212
-300
224
147
182
170
-300
247
266
126
183
-73
-72
233
209
195
164
238
273
265
185
246
-300
223
-300
209
158
251
261
-27
239
-300
204
235
222
193
-300
211
15
-105
218
-300
-82
243
211
207
214
204
210
183
203
215
214
249
259
232
253
232
224
182
195
172
228
222
223
212
206
-300
200
165
-81
220
-75
237
248
160
67
234
218
202
187
224
254
240
176
192
269
171
206
-300
104
208
-300
245
218
187
219
258
214
226
192
194
169
173
235
273
214
134
-300
208
238
181
246
-129
-300
85
203
196
228
246
188
202
212
257
230
228
228
266
207
278
200
241
180
249
203
167
207
230
-39
-58
238
213
-19
-300
174
207
223
175
182
184
222
-75
155
208
104
262
205
-300
186
225
-300
236
236
228
231
236
-300
198
-300
228
-300
261
176
261
243
214
207
197
230
148
168
-300
234
247
226
250
159
234
204
-300
-115
98
142
-300
205
251
209
252
261
219
217
234
-300
-300
262
214
-137
-300
214
223
-300
210
205
-61
-300
293
243
-300
228
166
165
-300
220
-300
184
-70
182
235
143
-300
203
164
146
184
240
250
-300
236
242
-300
176
-110
174
236
168
-300
-300
254
262
125
231
-300
154
242
225
220
237
203
-300
199
233
264
-41
-300
-300
-230
180
233
229
197
225
210
241
227
248
-300
240
274
224
218
209
244
212
233
239
256
250
265
-77
227
246
252
209
228
147
253
264
203
198
223
229
152
-100
165
195
161
211
214
189
235
169
168
-300
28
-300
-300
246
238
268
236
179
247
229
-152
198
215
210
225
210
-103
179
246
257
156
-300
-300
-23
234
-300
185
205
215
234
241
189
243
215
259
122
243
229
272
202
202
231
188
240
264
65
237
227
229
216
221
-300
200
-300
171
244
-300
78
147
-300
166
-106
-100
241
-300
-138
-300
239
-300
231
236
-107
188
147
254
209
214
-146
206
234
-300
200
-74
218
200
263
203
238
226
178
222
-300
260
-300
218
161
-86
-300
218
239
253
228
234
177
223
236
274
225
-300
188
200
-300
242
209
-300
-62
202
211
204
273
221
-62
180
213
114
229
234
-300
196
211
237
225
244
-88
-300
243
208
201
191
236
223
-300
232
185
250
235
141
220
238
157
164
262
240
244
-300
231
215
252
246
239
189
232
203
235
242
205
-300
227
150
271
195
238
240
229
217
-300
228
154
244
100
240
246
237
234
-300
225
-74
218
206
-300
196
195
205
261
225
243
255
206
-300
257
165
239
245
248
232
167
117
-122
-300
235
186
190
-300
221
247
194
247
1
202
115
245
293
219
187
-300
222
213
250
156
-300
-300
242
217
238
240
229
-300
244
-62
243
250
194
259
152
230
217
183
210
150
228
189
225
202
208
-300
-113
206
237
233
262
220
-300
207
231
-126
147
175
-300
188
245
229
167
230
212
198
239
135
203
224
179
166
221
245
235
268
180
211
210
223
220
176
-300
223
209
167
236
242
241
-300
227
-300
186
245
155
-126
186
266
219
223
207
256
-300
144
228
263
171
115
242
-300
267
245
208
217
225
-102
198
235
194
209
235
265
233
-300
221
93
-300
146
208
223
227
72
181
254
241
-285
240
237
223
176
-300
163
215
219
-300
212
230
213
236
87
252
230
-300
193
224
224
81
207
190
224
-116
98
232
-154
177
231
-300
-143
209
214
205
277
219
159
114
243
221
216
202
224
232
197
211
210
-300
-122
142
191
191
-82
226
221
195
207
178
230
228
236
232
191
212
47
231
242
216
143
213
285
163
212
-300
219
137
165
-300
256
196
225
187
2
241
-300
130
233
-300
164
-300
223
197
-300
-300
237
253
215
236
201
230
53
230
250
215
259
149
240
220
262
160
239
195
228
213
237
234
210
211
266
231
226
-300
246
251
227
221
223
146
165
193
223
212
178
222
198
277
228
180
174
273
149
247
188
215
200
154
241
236
165
208
-300
182
202
216
241
192
-300
150
231
244
235
-300
254
219
269
220
245
-300
221
-300
-87
244
241
-300
222
112
196
261
198
11
228
221
135
219
231
-300
-300
285
222
242
234
206
129
179
164
240
257
203
-300
205
226
204
243
235
219
181
248
203
222
231
218
-124
236
241
80
206
232
197
208
200
149
216
205
216
-300
255
-300
261
252
196
286
223
236
-300
235
-76
230
219
221
-300
220
204
240
96
-300
198
168
-300
198
174
249
187
230
231
269
215
-90
241
-128
219
242
196
212
227
216
218
211
218
218
-300
-114
-300
216
255
248
-65
140
221
234
204
196
201
220
197
162
165
185
261
-300
236
-300
248
223
217
-300
228
196
266
199
248
187
246
48
-67
115
232
232
213
213
202
191
232
-300
243
211
238
219
-130
154
207
226
224
243
172
233
195
208
-300
175
-300
187
223
186
223
38
221
266
239
223
195
235
213
251
197
231
272
-23
202
-300
236
-300
144
233
204
-300
250
188
211
219
-77
-300
231
201
215
246
231
222
254
251
182
-96
262
-300
194
265
193
230
174
215
-300
245
201
270
279
188
216
181
-42
267
283
233
211
161
226
93
-95
225
-300
249
183
165
-300
231
213
184
239
233
238
284
164
193
-300
-300
-300
241
196
77
181
-300
239
236
-300
188
-300
185
-300
218
235
236
199
238
221
216
93
209
266
227
243
225
72
287
228
146
141
192
-119
191
216
151
216
187
265
237
222
141
-300
215
223
156
224
185
226
16
179
-300
226
-300
217
274
-300
205
155
194
-77
204
225
160
236
181
284
242
230
170
82
239
148
-103
214
207
233
202
97
-300
206
255
-300
225
257
230
215
177
241
245
-300
233
191
-75
266
189
217
239
235
215
214
128
-300
200
220
182
240
-300
250
216
-300
203
276
239
236
-300
229
-89
-77
225
187
278
205
185
248
213
151
249
-300
153
218
-102
263
244
-92
232
193
119
209
227
217
215
257
221
196
-300
242
262
-300
194
218
209
-151
250
247
223
238
-300
210
258
198
223
232
264
251
198
231
252
226
-132
210
202
223
137
141
222
-300
144
-300
-300
-300
179
216
133
293
221
-255
87
251
-300
204
-300
179
232
219
214
104
243
244
221
246
217
131
45
-82
238
234
216
165
251
203
232
228
207
236
211
187
229
240
-300
106
250
231
-53
232
-300
133
-104
225
255
178
233
238
220
155
233
212
201
-49
190
130
233
239
186
-113
211
234
224
216
228
204
209
-275
174
224
212
224
228
165
280
205
-300
207
219
225
-300
270
246
197
-131
196
224
-300
32
236
-300
-300
229
162
178
228
233
250
187
234
200
236
232
204
143
222
201
188
182
142
212
244
273
172
218
219
-105
228
196
-300
-300
212
201
-300
187
227
199
180
236
-300
215
216
245
226
250
195
-98
231
-122
-300
148
-300
-300
152
184
241
225
246
233
216
199
187
202
163
-103
207
203
-300
-300
222
-300
137
192
162
180
214
224
-300
42
211
258
210
208
245
-74
232
225
214
-300
173
201
224
175
-300
-300
224
235
257
231
224
-117
230
-300
171
237
161
203
255
214
195
215
227
226
-300
198
-300
260
-109
263
209
-87
270
252
223
-300
250
-300
220
208
224
229
234
222
201
-300
171
242
260
202
216
-94
225
183
-300
241
255
212
-58
123
209
251
-66
239
169
222
174
183
-300
202
223
208
255
241
186
189
205
-58
201
228
179
236
250
229
237
-300
269
-61
180
175
-300
128
184
-79
205
233
196
195
177
166
239
208
285
238
209
-55
241
-300
227
159
-300
197
224
221
181
188
235
-300
229
158
199
277
240
206
-300
272
199
211
230
-300
-300
-300
232
240
-300
198
230
219
196
-281
255
-300
198
178
200
232
239
-124
216
189
194
155
238
147
241
220
240
280
-73
238
246
166
-99
267
257
231
101
-149
221
228
222
228
-300
-300
161
221
189
158
261
245
26
259
52
191
-300
234
214
235
209
163
-7
232
209
206
215
233
251
221
180
246
210
-300
115
222
249
-300
63
236
-56
201
267
190
205
256
199
199
89
247
289
267
189
240
233
-300
217
-300
166
229
218
217
228
-300
-300
207
-96
218
141
239
267
132
203
230
189
244
233
241
243
236
223
205
233
224
263
117
125
202
227
197
240
210
164
224
204
230
-80
-300
232
-300
-300
-300
-90
262
245
-300
237
212
208
268
232
251
217
208
227
234
149
36
284
220
151
-300
95
235
220
183
-78
-300
232
209
246
254
80
-300
-300
219
195
239
223
204
226
240
239
240
243
222
190
260
195
-300
203
-300
82
192
289
242
-113
-83
202
-300
226
236
227
-54
206
251
197
229
198
285
236
-113
-300
235
264
213
233
218
-300
-125
259
294
-300
-300
220
240
156
254
224
238
240
224
259
180
189
204
241
217
195
184
220
212
272
153
210
247
-94
-300
259
-300
201
261
-300
229
255
240
226
232
214
160
224
220
265
228
171
169
228
196
251
222
-300
222
197
-82
214
223
-300
-300
194
198
235
126
173
-300
218
250
202
209
189
248
255
241
209
275
231
238
226
254
247
225
234
225
209
-300
190
238
-300
-300
194
203
227
-300
241
86
248
205
227
262
206
240
-300
254
249
162
188
-300
200
228
-68
218
215
202
204
227
193
250
162
-259
200
232
229
229
154
-55
191
-300
230
-300
221
207
228
204
212
-300
-300
-106
-32
-169
84
193
191
-300
233
228
210
231
244
196
201
234
244
222
234
229
-86
182
222
227
158
236
-107
216
223
205
240
220
231
77
217
213
208
234
-300
237
-300
182
204
222
225
210
230
217
156
182
211
-300
240
247
196
238
244
193
218
-300
-300
186
-300
250
-300
238
229
-91
219
254
-300
231
232
121
268
229
236
229
207
-300
201
-300
215
196
241
212
223
189
222
165
-300
216
142
225
199
-137
223
107
253
235
196
173
233
240
-136
201
228
210
244
230
-300
205
198
222
180
235
202
254
186
232
237
165
179
-300
231
213
273
195
-91
217
-160
131
-102
-300
244
202
208
288
136
215
263
208
-105
-72
188
242
194
135
234
80
211
218
177
251
216
-70
224
194
222
228
180
247
205
206
228
195
246
246
249
218
179
166
229
242
220
240
220
221
278
209
238
185
245
221
195
-300
227
222
-300
199
270
-300
165
-73
218
-300
178
234
263
192
237
-300
196
231
158
161
282
146
284
174
207
257
236
211
287
245
178
189
285
-300
211
180
242
219
180
137
-300
232
240
269
-300
219
212
234
216
244
191
200
238
225
-300
-300
205
218
230
227
197
206
237
179
197
-84
241
243
-300
145
233
256
-90
234
203
258
219
222
193
-131
229
-300
252
284
211
213
262
284
153
224
-300
233
-51
247
171
-64
231
-98
161
102
-98
257
-43
-300
212
237
77
258
245
-126
224
195
262
258
225
-300
184
250
146
210
229
192
179
233
179
217
-300
196
223
-75
215
-300
236
-129
236
217
203
-300
222
223
218
247
260
183
192
150
227
226
225
165
224
188
238
243
177
231
-153
-125
141
-86
233
163
240
167
-300
227
46
236
137
239
230
235
268
185
269
275
-300
194
-300
294
153
219
190
-300
249
230
-300
-300
213
-300
162
130
210
-300
237
261
228
-300
245
206
196
207
-300
-300
-109
238
218
233
131
158
127
-300
215
250
225
144
192
187
248
241
165
163
103
197
-70
197
249
173
220
230
195
249
215
246
-300
227
263
216
196
226
-63
270
274
149
221
230
256
220
175
-87
238
228
178
215
194
217
-300
-300
206
235
-300
-300
-131
163
165
222
207
220
253
222
231
223
-300
202
174
229
189
234
254
233
226
-300
251
-99
209
235
218
227
190
203
243
-300
223
274
232
234
240
205
229
189
246
269
143
212
186
226
143
168
256
177
193
216
253
226
129
229
-81
182
233
200
226
258
-300
200
213
237
192
273
222
142
188
-300
228
176
254
-70
-55
-54
177
181
191
235
225
263
-300
228
211
208
208
243
214
-173
-38
-300
243
224
218
195
221
206
244
221
116
165
190
275
88
248
194
242
234
103
211
243
212
170
229
206
250
228
161
160
204
-106
245
233
196
239
-113
246
203
61
217
232
198
-300
-300
236
-141
246
207
261
180
248
234
213
-92
232
229
244
-300
194
168
144
238
235
218
186
249
243
177
186
225
186
209
219
190
244
243
246
-300
205
212
228
-300
239
-300
-110
214
249
196
-300
212
266
219
263
215
243
238
236
242
-300
221
-300
195
247
228
222
228
275
-300
285
204
256
223
219
228
192
209
-300
246
182
162
-300
218
232
246
206
-300
252
237
167
-300
-300
217
218
210
205
180
207
-300
241
-300
250
218
218
233
-57
203
164
169
130
240
202
211
272
240
201
-300
205
222
167
-135
175
-85
231
259
247
221
-300
208
-69
-300
138
176
189
136
176
194
259
221
190
275
221
218
246
187
203
-84
225
135
237
-300
222
264
196
286
224
218
217
245
245
249
198
231
165
268
205
234
241
196
-300
-300
-149
174
-300
237
205
245
203
203
263
211
258
206
217
214
232
241
158
217
207
139
190
128
230
177
215
230
246
128
232
-300
240
179
234
214
250
266
222
233
221
190
170
243
162
227
175
-300
-300
232
178
258
236
202
202
-53
198
-300
244
257
-300
232
236
222
-300
225
185
223
184
250
202
213
227
173
-300
-300
-300
219
222
251
244
-54
180
236
212
245
211
185
197
182
241
185
243
-300
181
38
-300
248
225
245
233
204
185
215
-300
201
-300
-300
240
228
245
244
202
216
170
-80
239
168
99
171
150
252
-79
234
-300
181
216
248
220
245
207
-300
196
242
281
201
-300
196
239
240
242
-300
182
188
212
243
256
220
263
200
104
212
150
218
208
-300
264
250
-300
219
218
178
275
172
242
244
-300
197
272
194
234
167
-58
241
286
-300
234
232
204
189
223
279
-300
-300
236
-59
239
225
212
280
261
156
198
224
244
228
-300
215
143
-300
207
234
-300
127
190
224
226
160
214
-300
-300
-300
-300
188
236
242
-300
196
236
253
266
227
174
251
233
-300
216
227
231
222
259
-65
-300
220
217
278
214
228
235
-300
102
189
-78
261
217
-300
138
210
205
153
233
239
-300
223
241
-300
225
213
238
216
292
201
192
185
202
194
176
234
221
242
185
212
188
115
137
-300
225
212
-300
-300
218
202
-300
160
223
249
250
245
206
254
196
206
237
208
209
213
201
-300
221
230
-115
235
250
213
190
250
234
204
-130
-300
251
250
-300
171
244
243
200
258
239
119
217
-91
163
205
-67
190
196
202
228
230
203
-300
243
-84
202
-300
214
172
201
214
226
262
212
260
255
237
233
140
-106
234
184
247
248
235
228
200
229
244
217
-300
178
236
208
231
224
264
241
238
230
223
223
219
239
166
-300
222
-75
257
227
228
211
278
193
159
-300
231
195
221
203
249
227
236
-300
219
228
228
266
211
103
227
184
195
256
239
190
233
206
192
214
208
186
210
192
175
-300
217
249
233
165
227
240
232
237
-90
244
244
193
239
191
202
216
-300
-300
237
237
62
269
132
159
73
226
179
223
219
136
220
97
-300
234
215
218
213
251
147
234
228
241
201
209
-300
218
230
178
238
161
95
238
241
221
195
186
231
222
203
244
227
200
177
225
242
263
223
-42
204
257
-300
102
81
184
246
251
236
239
208
228
231
222
200
-300
-54
-300
-300
222
224
-300
194
168
196
218
239
-300
209
232
223
-300
-300
179
185
187
236
-86
168
246
-300
251
-275
217
227
227
266
257
235
-43
204
188
70
211
-300
-300
-300
130
236
220
198
56
-139
178
275
245
209
-300
194
183
-300
258
-96
211
-300
189
216
222
203
198
232
225
228
156
231
227
225
-300
232
-300
109
-300
279
218
236
-300
223
235
219
218
249
-300
-300
192
202
-300
179
244
240
193
252
215
-300
-300
216
211
250
214
-82
244
180
-300
226
198
228
216
129
201
220
195
-300
208
232
201
199
-300
127
-300
230
194
231
-300
205
199
221
183
229
206
183
266
221
267
217
202
193
218
188
244
250
227
249
230
225
-300
226
209
-300
149
215
199
199
232
175
202
209
-300
240
182
-300
-300
-300
174
260
-300
-238
207
265
204
239
-300
222
-300
197
243
234
204
86
240
247
199
244
175
224
-300
201
218
192
219
-300
221
264
244
210
213
-300
230
205
222
223
188
224
224
221
221
237
216
256
226
-300
-76
231
227
190
245
215
153
251
264
230
-300
-300
156
232
174
202
213
273
254
214
-300
236
-300
224
-300
225
235
-56
-300
183
217
210
237
-300
175
200
210
266
195
194
-300
-300
260
-300
-157
-300
207
266
253
231
234
220
283
123
195
211
211
203
227
235
169
223
198
214
-300
251
255
242
-145
214
-74
218
-300
187
-137
247
201
256
218
199
149
287
238
209
215
161
-112
-300
258
164
-300
160
212
226
128
222
201
110
181
-300
177
272
155
-300
233
187
245
125
213
239
236
245
154
194
258
227
241
-110
220
-300
246
187
179
215
-300
-300
236
-300
-300
-300
169
246
181
262
-300
218
239
241
288
-83
180
230
193
226
210
241
213
220
220
243
243
237
238
262
205
-300
201
244
148
228
214
151
125
208
224
201
204
260
120
232
250
-300
240
205
197
265
224
177
180
232
160
241
228
244
190
209
-280
205
174
137
243
245
224
187
123
-300
161
229
260
195
235
123
208
225
229
212
193
154
196
177
200
202
226
249
244
211
139
-122
203
187
223
221
203
119
237
213
234
-300
191
174
227
235
151
201
220
-75
62
234
176
215
-300
191
-300
242
266
-300
-300
-300
231
206
233
-67
-235
225
183
211
244
-300
39
232
-300
230
-106
221
215
-300
220
177
222
-76
232
233
213
246
180
215
190
224
185
229
252
263
156
229
-300
224
249
232
-138
236
153
212
231
247
226
240
-300
-300
178
231
253
235
243
187
181
128
-300
222
257
218
208
231
191
206
173
220
194
207
270
-300
224
149
219
-300
162
-300
192
222
-149
-300
238
224
156
292
214
243
203
198
211
242
191
213
204
-300
234
237
208
230
-300
251
228
228
227
226
210
215
222
191
97
-37
212
233
236
-300
204
222
248
-300
282
244
233
269
207
245
250
252
185
-80
104
199
143
263
-300
249
226
192
251
210
-93
240
137
-300
236
234
242
216
228
234
-111
-300
247
-300
228
-72
169
191
179
-106
239
170
144
245
-300
250
231
-300
238
197
195
204
227
241
222
244
214
234
217
211
189
210
-130
-131
216
3
268
203
177
222
-300
215
241
223
244
274
246
222
219
295
246
-300
227
233
-300
225
207
-300
239
178
-96
248
230
204
-90
-300
227
236
141
199
-300
199
249
-300
236
-51
-300
195
237
122
254
156
271
221
239
201
210
233
219
253
222
243
214
182
89
204
208
-300
231
227
-300
-300
203
-300
149
233
174
230
201
169
246
217
125
202
194
-151
224
229
218
-35
152
252
245
256
245
236
-300
201
-300
221
229
227
194
-300
209
127
240
222
185
248
263
177
236
242
194
-68
141
215
157
197
242
7
245
227
-91
234
170
-96
202
-300
224
253
180
-300
234
186
196
-90
217
241
243
162
225
168
-300
-110
159
189
221
215
204
240
255
230
-97
248
-71
233
238
210
56
288
120
-300
190
291
204
217
-300
217
236
-94
232
224
237
177
101
-300
-151
255
236
212
237
210
115
209
161
132
215
200
227
132
-221
223
257
218
-300
236
211
228
106
190
229
231
184
-300
238
238
142
243
220
-98
204
191
215
233
243
232
209
-257
188
234
264
262
-300
169
194
235
195
248
224
191
208
189
-99
284
244
169
223
233
235
260
222
222
256
181
244
261
226
279
236
-300
-300
207
224
177
-300
236
-300
218
240
202
209
250
4
204
-158
237
198
209
244
-300
248
221
212
235
258
229
215
201
219
221
195
203
251
209
236
-300
260
-300
-300
-300
192
-300
209
193
-186
243
-300
249
226
160
-300
218
-300
-300
33
223
212
-129
-300
182
-300
234
217
186
230
-300
-300
194
259
266
239
237
263
273
219
-300
-112
185
137
-300
-265
219
253
211
219
270
278
180
220
257
241
251
-300
-79
265
169
-300
-300
206
215
235
206
226
248
-300
-300
-68
244
248
181
223
236
222
236
236
228
176
205
239
236
209
-300
215
245
207
200
171
237
255
251
230
114
227
-110
195
216
-300
221
211
161
199
137
186
186
-300
-300
231
229
202
194
169
78
-155
194
226
-300
-300
236
260
208
218
254
214
-138
247
180
-126
-300
218
162
258
178
129
240
249
143
256
79
169
140
226
177
220
226
240
220
193
196
206
225
217
146
-300
-300
208
231
224
232
239
-112
-300
240
213
221
200
-300
231
-300
205
211
222
228
192
-73
229
236
214
-300
-82
215
-99
193
203
181
-300
208
238
248
-300
254
-90
168
201
257
248
172
-56
252
-300
-300
-300
-300
-300
-300
-300
251
228
216
231
277
187
211
204
211
222
277
-139
209
211
226
165
204
-79
238
-300
84
202
209
177
214
195
-300
286
208
232
-59
236
197
208
210
237
211
141
135
-300
221
248
205
178
194
-300
290
183
247
-300
222
-300
215
-300
-300
199
247
-300
208
226
-35
-300
-300
200
205
243
210
238
255
172
-300
206
258
264
227
192
170
169
258
233
251
196
-160
167
-111
228
227
246
197
242
239
101
167
225
239
238
190
219
-78
213
239
238
246
245
203
200
166
209
219
209
220
-300
245
247
208
250
-150
245
-94
235
218
204
-300
212
-300
-300
247
-300
211
-300
229
217
232
231
249
188
247
-87
-63
-116
198
157
-300
228
243
-87
-58
226
230
-300
170
-123
178
260
267
200
141
253
-300
-300
152
196
199
229
-40
231
213
240
33
213
96
235
245
226
257
220
-300
228
214
-300
227
221
249
239
181
243
216
217
262
-300
225
164
232
-300
185
205
213
-108
218
233
204
204
214
200
209
236
218
196
234
230
231
226
280
179
221
167
223
170
200
260
248
-70
255
158
115
-300
-300
223
252
184
211
211
115
234
-300
220
177
157
227
215
249
235
181
150
222
191
163
-300
88
198
183
-58
-300
62
237
224
227
132
234
230
228
-300
235
222
244
170
196
219
187
-300
229
165
210
222
218
202
235
-300
-300
221
216
221
135
216
250
216
226
-300
228
217
199
-300
214
-300
-57
206
139
-300
230
228
243
240
232
-300
244
235
239
190
222
171
251
97
241
-300
69
230
200
206
148
158
153
-300
-300
268
-300
-300
198
-300
228
203
-300
211
-300
-129
203
191
-300
240
216
192
211
219
-300
261
255
242
223
191
216
-300
227
237
167
225
199
232
-300
236
-300
223
218
-300
-91
-300
-300
232
255
210
239
-300
157
90
275
196
216
229
-300
153
179
249
-300
229
252
207
264
-300
259
-67
-80
229
244
228
209
231
-300
212
229
218
207
216
-300
227
107
212
229
237
175
199
253
212
207
203
102
239
228
212
-300
229
208
164
186
244
208
206
223
-300
230
250
224
210
208
214
191
144
115
190
-300
206
229
207
218
265
229
-87
-300
248
92
258
195
-300
-300
222
199
-300
235
218
212
202
216
218
185
190
223
194
228
-300
246
225
221
-300
196
-159
-256
219
218
176
174
192
-300
-300
-300
218
219
139
212
240
269
-84
226
180
218
221
201
275
224
280
-300
238
-31
171
208
233
211
252
209
224
-300
233
174
260
-300
-300
231
230
187
208
202
-300
212
179
204
219
222
166
-300
239
220
217
140
197
-125
214
203
192
206
188
-300
-300
191
198
242
231
193
229
133
258
231
-85
262
-111
201
237
227
216
237
249
234
249
236
168
252
-300
230
-300
187
148
224
231
202
258
259
285
256
236
129
217
239
208
253
247
239
171
-85
232
247
229
244
226
236
182
-73
179
194
240
242
-300
-300
213
239
213
205
217
114
208
165
240
235
245
138
222
-300
190
239
-300
232
140
226
238
272
234
125
217
272
236
216
235
221
220
-300
208
-75
236
188
212
222
119
272
207
235
216
177
211
186
254
209
204
184
212
-300
-168
175
107
252
197
227
263
191
209
202
252
-60
177
-52
227
-300
98
240
260
285
192
180
228
137
-300
248
244
223
246
194
164
-300
241
234
221
238
227
208
156
182
-300
-142
259
218
196
243
181
-300
52
222
217
198
194
-300
253
152
-300
222
242
279
242
235
30
-300
-300
241
210
227
181
187
-300
232
217
259
218
-96
-300
-300
233
256
220
161
216
211
-300
144
191
198
215
241
241
216
214
234
186
193
205
231
215
209
227
-300
182
-300
230
201
-300
-300
215
183
195
212
229
224
255
222
231
228
230
218
171
230
234
-80
265
161
242
203
245
-300
-135
229
234
162
224
240
239
229
203
238
-54
202
221
219
241
235
-300
235
241
226
235
250
153
235
-300
214
230
-300
222
191
250
197
203
234
203
244
-300
224
-300
226
239
-300
-300
239
-300
-300
199
181
279
207
223
247
-300
169
184
164
231
204
236
198
184
194
236
216
192
209
220
201
130
210
264
-300
220
138
-300
236
215
214
-78
-300
213
231
224
212
-300
-136
-300
195
234
233
225
-300
118
209
-300
235
227
-55
-300
244
185
268
186
-300
223
229
-18
214
-209
-300
194
252
244
236
248
222
228
216
235
258
203
202
-300
-73
249
189
218
242
224
-59
252
190
246
-112
202
223
216
62
243
149
257
-300
-300
216
214
113
-174
211
201
212
154
216
226
255
-300
243
209
218
192
-300
-300
224
150
213
237
-300
-300
164
-300
218
249
234
225
250
199
231
200
222
165
-300
149
229
-300
249
242
270
-60
235
232
223
233
249
216
-97
269
-300
259
-300
188
234
168
217
182
295
183
230
257
-300
184
-300
238
221
215
252
213
189
236
211
189
-55
198
209
179
-164
239
187
210
239
184
202
182
212
206
239
154
182
-300
215
243
229
220
127
190
202
228
232
214
-300
194
222
169
243
176
261
207
254
-94
229
220
201
211
236
240
222
223
233
205
-70
-129
215
244
213
220
-300
202
234
140
248
245
-90
182
251
217
141
221
177
-84
171
202
-59
194
244
217
206
245
225
255
252
181
218
260
-300
228
-300
233
237
-300
219
235
-89
144
-300
193
208
145
208
237
211
-300
66
177
206
263
144
216
146
213
227
-300
-65
194
249
243
250
188
-300
245
179
278
-300
226
231
187
197
210
266
240
247
216
-300
260
181
202
207
256
232
212
217
232
228
208
250
165
222
229
239
220
227
244
249
234
-300
244
231
237
204
-300
237
-300
264
266
-300
238
-160
-83
97
259
-300
237
283
218
252
193
198
270
205
228
237
287
-300
229
-300
-300
124
274
211
-300
-78
215
252
274
249
262
231
183
-300
229
149
122
-300
-73
258
228
231
184
229
-64
67
-300
182
186
237
223
205
-300
217
242
254
-116
193
264
217
243
227
189
228
179
160
214
-300
233
-300
229
171
221
-93
-300
201
220
196
230
158
257
204
238
245
237
214
240
263
219
186
198
233
210
265
233
264
263
218
225
245
201
194
230
196
253
241
239
211
218
237
260
177
218
237
196
220
224
224
-300
252
-300
242
278
256
-300
260
222
-300
223
232
228
227
221
235
236
106
156
183
211
196
228
191
205
224
260
-300
266
-300
198
185
248
222
200
-116
228
231
197
-300
202
228
236
161
-53
208
262
-300
197
-300
226
150
225
232
239
220
226
244
232
255
189
258
237
-300
254
226
224
213
250
156
220
-300
-300
-300
215
154
238
212
184
171
236
170
228
223
189
208
-300
137
207
-300
-300
222
213
196
242
222
202
239
208
208
252
-300
203
234
278
158
214
223
-112
242
241
187
152
27
-60
-104
202
210
-300
245
162
238
178
258
-300
200
132
211
259
238
-84
238
252
234
-300
211
-108
256
-300
215
226
223
212
244
216
154
217
-300
214
-300
173
232
201
188
250
157
256
169
195
241
253
183
202
234
57
-300
217
197
226
194
223
214
236
225
156
-300
228
246
213
162
-68
239
158
208
196
-117
192
223
200
228
237
170
239
216
-300
265
248
230
240
203
214
245
225
211
237
177
203
240
-300
230
187
153
221
191
199
192
-300
216
163
182
174
125
-117
-84
218
229
220
174
212
240
-300
231
234
237
218
240
-300
221
147
232
186
249
201
-300
273
90
195
71
171
196
224
179
116
125
-126
-300
188
218
256
219
225
213
232
236
246
280
229
192
-300
248
221
197
-300
211
-283
261
220
225
207
-67
258
-108
-81
217
214
212
-300
168
201
238
217
228
165
215
-300
249
168
228
225
218
-108
-300
242
146
198
200
217
224
199
-300
-300
243
160
218
231
186
243
232
202
-300
224
-300
-92
223
230
259
-300
231
246
194
115
176
242
-59
269
263
172
147
238
238
114
235
185
239
-72
-300
212
190
-300
176
157
250
215
249
-86
212
119
222
221
-300
257
-300
216
224
206
245
163
-300
-300
222
217
202
232
-26
-88
214
86
194
-175
-140
-300
188
158
217
-300
-300
257
236
142
-18
208
207
202
126
187
234
241
234
220
215
-300
-300
235
163
146
190
197
179
218
224
209
-80
201
238
236
225
242
207
224
-300
229
202
230
213
194
247
214
231
245
-300
215
227
192
241
203
266
198
225
266
237
204
243
84
237
269
207
248
163
141
207
210
219
228
211
215
187
209
189
234
222
232
214
224
254
204
136
223
199
-300
217
250
-300
-63
204
239
217
238
-300
196
-300
209
144
234
-300
186
161
257
232
228
251
188
179
-300
209
205
217
216
193
100
199
236
254
197
-76
-300
202
246
256
-73
224
201
210
-300
166
228
222
209
-300
-300
227
231
183
221
-300
-300
244
229
221
222
244
175
231
264
-300
212
142
-300
243
251
-300
223
213
227
220
209
36
33
274
226
-300
250
242
204
246
-57
252
242
-164
-300
210
164
198
246
176
239
-96
257
216
220
183
231
201
233
243
-300
236
209
207
241
216
-300
225
108
157
-300
210
227
224
216
167
228
134
217
269
-54
169
234
240
181
222
198
209
223
203
139
279
228
246
236
177
-300
-300
-75
250
271
-300
245
216
-300
204
119
193
155
250
186
119
133
131
164
216
-300
207
257
178
-300
-300
-300
252
100
210
196
-300
-300
141
255
187
131
183
170
228
194
131
227
279
140
255
139
219
241
233
265
172
-300
248
201
244
216
215
-300
118
-300
237
151
200
-173
-96
199
162
240
-300
223
-300
-300
233
245
220
268
94
164
225
189
169
-300
183
221
191
223
239
226
-300
-95
230
229
264
214
221
164
235
226
196
204
243
197
-300
-300
187
239
197
228
221
246
214
225
160
227
215
250
249
263
242
215
235
132
208
-300
249
164
227
239
218
253
236
203
256
211
209
209
-300
226
-300
261
229
234
195
215
194
193
195
248
277
228
235
-300
230
188
279
244
229
213
144
-93
219
175
137
189
213
242
223
245
197
80
196
193
201
247
234
191
197
232
-300
243
-61
193
234
229
268
-151
-37
247
241
231
214
205
252
224
213
278
-156
191
118
-300
219
167
186
-300
161
251
-300
-300
-300
166
176
207
187
218
282
238
215
238
210
216
239
236
232
-300
237
222
51
184
284
225
215
169
-131
212
189
-300
194
152
217
216
117
272
224
248
-300
243
230
219
238
-300
243
268
-300
-99
161
209
161
187
274
-64
273
67
-300
215
234
-118
-300
238
181
259
192
-90
-7
-300
-108
156
229
242
226
242
201
233
191
174
168
-300
263
273
188
247
266
208
179
223
14
211
171
191
-300
227
177
-143
183
220
-300
264
212
220
228
261
216
216
217
-300
220
230
159
161
195
-110
205
171
199
222
183
-55
243
226
201
-86
-300
-300
229
-300
-300
233
230
-300
-300
201
241
-300
263
245
197
222
215
202
245
216
179
184
143
214
-300
243
211
178
247
197
212
-300
240
227
-82
227
238
270
-300
237
243
197
222
234
245
-300
202
211
242
183
216
223
230
284
-300
227
238
204
227
245
217
-67
219
251
229
266
230
213
249
228
217
232
148
242
181
-121
200
146
191
185
172
176
256
202
-300
239
200
129
261
210
225
217
251
239
218
141
240
245
185
223
247
225
207
157
212
214
242
186
211
221
250
-97
182
-300
159
-300
207
205
-300
191
210
216
124
148
221
241
243
247
224
-300
227
150
245
115
-300
199
208
220
-300
174
213
210
-300
245
240
255
229
194
180
-300
205
258
221
-300
275
227
197
154
188
253
253
214
228
-47
-144
220
162
171
61
177
220
169
178
216
228
248
169
245
221
245
223
223
157
229
254
-300
213
154
158
256
224
223
-90
177
247
260
-300
239
203
209
234
82
-300
267
206
246
234
207
218
-300
-73
227
-62
-101
-300
215
226
163
228
254
201
180
187
211
-300
-300
200
209
246
128
198
231
215
-300
-300
228
184
-300
177
215
120
196
141
252
249
222
227
194
208
262
195
253
225
173
-103
171
236
257
-101
243
179
230
-108
195
226
168
192
233
254
220
254
211
209
86
-141
217
-300
198
205
-300
-300
201
238
273
229
-300
221
204
208
-300
240
188
241
199
208
256
252
214
223
255
242
262
214
178
203
242
288
281
176
219
197
217
210
208
224
216
207
213
207
192
207
-97
-156
209
228
295
194
253
146
227
227
236
150
-300
212
213
218
212
-173
224
-300
207
-300
252
212
224
234
239
194
-157
154
-300
200
214
210
245
75
219
-300
227
-300
229
206
202
214
245
236
254
200
230
-300
178
-126
207
254
-300
234
175
178
-124
218
179
182
254
249
253
225
214
287
190
188
149
215
193
221
204
158
-300
231
218
-300
-300
194
-149
226
219
214
203
246
240
161
-300
242
259
246
194
227
168
213
189
142
231
235
165
-300
230
-300
186
233
-79
-300
261
-300
234
-300
182
154
246
237
226
-26
224
201
234
229
225
231
228
210
223
174
183
233
230
230
-300
138
218
204
148
225
-300
167
214
-300
235
-71
216
-300
188
-300
236
227
202
201
202
263
-300
227
236
210
246
214
174
134
235
-157
184
274
156
229
208
170
211
222
171
-300
-121
209
234
-300
178
218
126
257
201
250
-92
212
222
-96
213
157
-300
-62
201
146
168
257
-300
-65
234
220
246
169
-300
-63
232
238
190
-300
247
239
158
218
-300
176
237
-300
186
172
-70
203
143
201
197
265
181
213
219
219
207
193
224
225
-300
194
228
-300
-300
-71
253
181
-300
-107
246
179
184
205
220
176
238
-300
259
281
235
-71
202
216
-300
251
228
209
213
227
-156
228
258
209
-300
239
-300
161
239
-104
239
135
219
211
284
219
-300
194
259
236
162
229
240
208
228
221
196
236
-300
237
236
92
281
256
-300
195
200
215
207
91
214
245
-300
150
233
273
-300
227
-300
267
207
195
170
-300
239
150
236
-300
242
217
-300
231
173
205
206
215
229
226
236
238
210
212
203
236
-35
-300
200
-300
212
-300
260
209
208
203
232
193
214
167
-300
217
246
-300
257
-121
-300
210
-300
191
178
-67
-300
208
168
219
-300
208
216
270
-300
-300
202
228
-300
275
242
250
-300
220
202
242
197
-300
227
209
226
244
218
-300
134
194
222
106
-116
233
209
222
245
239
-300
-300
189
240
224
251
250
234
230
260
-71
227
-300
191
248
97
219
80
225
216
243
196
203
-231
156
219
208
-300
198
216
236
-300
229
265
216
228
229
204
195
194
238
234
194
209
236
-300
229
-300
-300
193
261
180
218
221
240
206
149
202
245
69
230
288
200
194
262
-300
214
-210
244
253
-300
236
167
232
216
196
-300
211
252
209
262
236
220
224
115
219
146
80
-79
203
227
-113
205
236
202
177
89
269
172
172
203
-300
216
257
170
246
190
204
216
242
182
-84
236
-300
229
187
209
234
-300
231
218
262
217
223
195
211
218
180
235
226
17
200
247
209
-300
143
245
-300
188
251
259
49
165
247
216
221
33
212
226
226
167
173
213
196
193
203
210
220
186
218
-115
209
137
279
205
97
175
155
-300
205
208
-59
-300
214
237
230
195
187
252
-300
218
235
213
167
229
-300
271
249
190
-300
250
-300
236
226
199
207
234
-300
236
-114
201
208
208
208
136
226
241
164
-300
240
216
242
191
206
244
230
249
228
204
179
-300
225
244
184
197
197
179
212
209
253
220
231
223
-300
180
186
216
-300
255
-112
221
177
162
167
232
215
223
177
270
247
-32
222
220
160
-300
-74
-300
206
196
267
188
-55
256
111
82
-300
185
252
236
-97
234
205
-295
-300
209
246
199
-300
162
262
278
114
259
220
249
192
194
211
239
231
-300
181
245
210
148
241
201
230
185
183
222
205
186
271
231
275
232
211
224
196
248
235
219
199
-300
216
199
211
227
220
202
192
215
204
17
257
226
225
214
205
251
178
206
255
-300
182
199
244
230
222
166
189
188
213
175
248
219
209
230
262
276
193
271
222
238
203
250
243
-300
189
229
-300
229
247
206
227
211
240
256
192
268
165
199
-300
227
-300
-300
260
163
-300
-300
239
170
231
224
237
201
228
257
-87
240
212
185
231
249
271
228
184
255
237
200
232
92
244
239
207
221
214
251
205
205
-300
237
-300
253
181
124
234
203
220
225
-300
250
146
194
211
219
246
187
-300
191
196
-300
194
203
253
212
-300
-300
214
225
165
240
124
252
240
134
-300
238
216
157
176
243
211
200
220
-300
206
239
167
237
-300
179
170
143
204
-300
-300
-300
210
265
252
-112
256
184
196
207
223
-300
225
201
-300
231
215
170
-300
187
247
190
253
-75
-300
234
220
226
187
228
222
233
178
237
-300
182
211
-300
220
164
196
222
257
157
294
-101
128
-300
249
-300
157
254
232
250
245
193
233
246
255
-300
80
171
209
182
249
-300
-102
-300
85
213
-94
190
194
216
188
243
255
-141
-36
255
232
154
220
214
247
216
153
235
256
134
195
239
215
238
223
73
141
-76
239
205
230
259
236
243
245
-300
244
230
-300
-77
162
264
229
275
225
-300
137
221
239
-51
257
225
159
-300
247
235
219
221
-300
193
219
261
209
187
-300
204
290
197
202
267
238
221
-300
226
263
212
224
226
226
177
223
232
141
206
170
239
196
197
189
276
139
86
209
219
256
124
-300
235
193
232
-300
283
209
253
-262
234
248
-62
231
125
193
284
-300
-300
-300
183
-300
153
245
-300
237
232
-300
198
208
238
-300
-121
240
222
-300
239
194
144
273
-87
207
-300
234
256
-300
222
218
211
198
243
269
216
221
243
-122
250
-300
-300
194
258
77
256
245
284
238
229
182
-300
159
-300
219
-300
219
231
241
280
274
229
-87
227
-171
216
-300
209
258
226
-142
256
276
221
143
107
199
214
217
132
130
179
251
224
-27
221
190
238
-184
236
165
226
208
229
227
242
198
-112
204
201
-300
223
255
89
213
-300
269
276
234
223
248
-300
228
246
247
216
203
232
-114
-300
231
195
216
227
266
151
233
186
206
172
221
200
-122
237
166
215
235
-300
200
207
151
249
287
164
231
56
200
215
75
239
-300
242
208
196
236
231
217
222
216
-300
229
245
245
254
218
205
214
-300
200
233
-300
-300
-100
213
253
203
195
213
237
244
222
205
150
234
169
212
235
221
220
178
-300
208
249
-55
-172
-300
-300
215
183
196
-92
-300
254
225
226
215
239
226
211
205
177
226
189
229
202
198
-300
-168
212
216
-300
199
-75
222
257
149
233
257
230
-94
239
238
254
-300
231
-89
-300
138
232
237
176
206
241
230
229
189
208
223
-300
-81
218
223
216
172
266
243
182
191
231
-300
-300
213
235
206
282
241
228
86
-300
233
-300
-300
228
232
203
98
194
106
218
-300
242
182
230
208
192
239
-300
-300
-300
222
239
200
223
242
200
218
176
260
221
220
-300
239
244
206
201
135
187
-300
-300
185
-300
291
-300
180
146
192
208
184
232
-66
222
229
193
-136
233
251
204
197
233
206
211
217
240
195
196
225
-300
-85
205
255
234
207
134
200
222
242
238
231
172
-79
193
229
241
177
-118
192
218
274
237
-130
233
170
-300
206
250
159
270
237
220
236
-49
216
236
210
-300
245
225
218
260
232
245
-86
-300
216
218
234
234
179
257
229
-300
245
179
141
238
201
253
235
-300
247
234
196
211
-160
226
250
208
-300
16
77
203
229
225
172
226
262
209
231
208
220
211
222
209
234
222
172
188
-300
193
255
-186
191
-300
196
199
206
257
208
250
207
207
241
223
234
231
226
-300
182
204
286
-300
225
172
233
211
182
231
174
-80
242
282
-300
256
256
197
119
236
221
208
239
259
230
163
244
252
255
247
235
248
216
255
227
171
241
-256
207
190
175
173
274
212
-68
-300
234
-300
-131
211
237
195
78
259
-82
76
223
263
205
252
183
166
-300
235
188
255
211
232
232
230
-300
-124
233
247
204
251
148
-300
235
162
220
210
224
183
286
-300
197
-300
-90
-300
210
215
241
-300
-300
251
196
-300
248
194
234
232
193
230
173
233
255
188
-300
-300
266
191
232
248
175
248
189
135
232
-300
238
-300
-129
192
-300
232
172
228
256
-25
235
215
202
144
212
-300
261
148
185
209
53
253
190
-300
195
208
237
193
-300
243
282
-101
257
171
221
183
-87
-300
231
185
272
241
249
191
-300
166
-76
239
237
-300
-300
-103
246
182
188
240
231
221
214
258
208
-300
191
206
155
144
99
211
-300
204
224
238
254
261
238
257
209
243
215
241
238
176
228
257
174
203
-160
38
244
220
236
-300
-300
205
-300
217
227
186
178
247
215
194
184
196
227
242
263
179
-59
198
161
248
211
194
200
227
226
207
-300
196
244
210
-99
167
-300
248
213
205
-300
208
240
-300
227
242
-300
-300
203
190
203
122
242
155
-300
187
201
284
-300
233
223
257
-300
131
-107
220
-300
217
-300
251
-67
209
215
256
230
264
222
261
255
297
249
232
-300
205
210
-300
-111
247
269
262
-300
233
275
210
266
243
261
224
163
239
223
218
229
215
223
207
202
-78
225
241
240
89
179
252
225
-73
223
223
217
216
176
233
222
224
-61
-300
212
250
234
-104
131
224
131
232
224
188
-300
186
-39
235
242
251
289
218
-300
242
-300
278
195
-300
211
230
249
269
232
210
244
222
-63
-300
252
230
255
142
-57
-57
238
221
-73
-259
207
223
-120
205
170
-139
242
224
97
166
-300
148
231
219
183
123
-300
198
235
263
221
210
223
268
-300
185
222
201
172
253
149
223
215
-300
-300
-84
229
-300
198
236
220
189
243
256
265
185
148
-102
-300
264
200
75
213
258
211
191
-300
227
202
221
-300
228
213
157
194
250
-300
186
220
199
201
242
-300
153
-300
207
-300
249
233
225
226
228
206
216
230
210
-300
224
223
205
255
217
180
204
-78
226
204
-300
242
232
-75
227
189
225
228
236
-37
223
240
173
265
-170
-300
-300
233
185
186
179
-300
219
177
111
227
234
261
-300
218
227
-100
-300
215
265
146
222
245
142
214
189
-300
258
248
252
155
105
219
229
-300
246
174
-300
195
225
-300
212
-300
243
-300
202
209
233
242
208
237
215
220
182
172
217
102
234
282
201
154
183
166
254
179
181
216
237
215
188
228
195
204
146
228
263
186
248
198
181
-300
187
174
243
-300
208
192
236
238
248
232
147
246
230
213
167
269
200
-300
222
242
231
208
248
248
138
231
239
-300
225
-124
-300
111
149
200
250
-300
190
181
234
202
189
231
190
202
193
237
187
-300
243
174
95
203
223
209
258
203
218
227
221
231
-300
162
213
238
261
166
-300
187
237
-121
242
-108
-300
197
214
242
246
215
192
-88
-79
-300
254
185
-110
-79
175
227
193
245
213
268
172
148
192
209
204
223
-184
182
214
241
268
136
232
226
268
247
199
114
179
210
254
105
108
140
197
196
240
158
233
255
218
227
213
192
229
144
181
234
219
208
217
277
216
-300
234
248
215
196
-235
194
-300
202
-300
204
216
217
223
232
223
152
129
250
246
171
-300
249
-79
167
240
180
199
236
-300
-300
195
228
203
207
233
110
252
209
228
289
228
243
203
195
219
265
177
244
206
255
203
197
235
220
262
211
134
25
230
-300
243
226
191
221
220
233
255
215
200
268
231
-300
245
220
203
200
257
229
222
-300
-300
114
178
212
164
213
195
188
172
156
222
161
254
208
231
60
92
197
-67
-300
-300
208
250
210
226
166
116
-300
264
257
229
62
219
-300
152
172
175
-300
179
202
-300
211
-300
-300
230
232
228
212
188
208
-49
229
-73
-300
164
218
-70
173
246
173
242
182
131
202
-300
221
-67
198
237
235
96
217
200
140
-110
-299
221
207
240
205
232
180
207
-300
225
220
232
242
214
169
206
227
153
249
231
-300
-70
209
256
224
243
221
170
268
-105
181
238
-106
133
289
191
239
-300
153
189
239
192
192
-300
-126
225
210
234
210
169
-300
-70
188
218
237
192
240
-300
249
123
263
190
205
246
275
209
202
-300
215
-300
239
212
276
223
-300
284
-93
195
230
222
-82
206
-300
220
249
205
234
236
223
197
203
203
206
227
-300
288
254
214
194
-175
215
245
-106
166
202
206
271
266
243
-300
198
235
-66
220
258
-53
-132
-300
219
211
230
210
180
-300
244
184
-300
171
-87
-118
-86
-300
1
-300
221
275
192
237
269
185
225
234
229
-300
212
263
-222
190
221
213
248
270
191
-300
214
266
236
217
209
-103
225
181
216
189
286
201
142
215
228
253
219
223
225
233
127
173
-101
192
237
197
75
199
205
184
162
134
212
240
241
188
275
-110
240
186
237
207
247
146
234
170
204
172
-300
224
228
237
255
-86
227
201
154
251
216
230
158
-300
133
227
-300
-300
216
252
-300
182
245
242
216
-300
216
174
-300
-300
218
-300
195
238
154
235
217
237
210
-300
251
226
162
279
-300
184
218
104
-300
212
-300
248
227
-300
189
253
214
215
223
218
252
201
-300
203
221
259
-127
234
-300
200
-300
197
238
236
225
240
238
300
201
285
153
247
232
215
178
-300
195
220
208
227
-300
229
202
253
254
281
131
236
210
-84
252
-206
202
224
233
-300
250
217
213
217
194
259
213
-300
-300
206
225
-70
219
109
211
-300
240
235
217
-77
240
244
201
243
260
239
-300
236
212
273
238
-76
258
162
181
159
277
-300
189
188
-78
228
252
230
243
261
235
257
232
232
250
243
173
-300
216
163
248
234
234
-300
-300
252
231
194
209
198
247
224
257
233
261
66
218
216
213
239
216
236
-300
213
165
183
237
242
220
-79
232
-87
227
-300
214
188
216
241
219
195
177
265
247
228
226
228
240
257
245
167
237
257
280
236
161
210
211
230
-300
188
236
241
10
244
261
68
-300
242
-300
236
-118
179
250
233
228
-278
215
-300
-300
-300
213
216
252
249
191
228
208
201
234
-300
239
222
203
239
233
-300
199
236
-300
238
227
216
233
228
-300
61
87
-300
233
188
258
241
-300
222
208
-300
-90
-300
229
241
243
200
235
228
234
154
-300
-300
230
215
219
211
233
231
-144
195
226
219
151
149
141
230
240
197
214
162
113
204
226
-300
205
227
259
216
138
257
248
242
240
150
98
275
-90
250
195
205
236
224
177
231
238
236
153
164
211
-55
196
203
243
182
197
132
224
206
76
236
138
-300
247
-300
-300
202
187
217
206
199
-300
211
190
217
-300
174
240
266
200
214
224
230
239
260
197
223
236
210
232
136
-300
209
203
-101
244
-52
96
-141
-96
216
248
208
209
-300
208
220
241
225
213
252
213
213
199
225
224
230
185
205
236
263
-300
231
-300
215
219
210
231
185
241
212
249
225
-135
-300
173
28
249
222
117
255
246
139
-300
243
237
252
249
234
265
241
241
158
222
250
214
184
269
228
127
237
240
269
229
244
220
199
255
179
163
121
254
257
117
81
193
140
173
199
-300
149
232
232
270
220
152
172
-65
-103
213
211
205
216
238
264
228
270
-300
216
-100
209
189
239
187
215
202
-300
232
-300
181
225
221
-300
247
167
178
227
230
-300
231
174
135
247
233
158
212
266
199
252
-300
201
262
-300
-300
-300
226
-300
135
195
260
216
-56
210
201
-143
239
255
259
-300
220
183
249
251
166
258
225
194
-300
213
165
-89
231
189
-64
244
203
-300
240
-300
180
-77
191
226
197
217
-300
224
252
222
222
185
216
231
15
217
-127
181
197
212
231
-300
-300
244
176
240
185
-92
207
259
208
-300
192
227
236
236
154
209
192
203
202
194
227
236
208
239
174
237
-114
209
249
-300
-43
196
215
-104
-300
201
216
265
-300
233
127
213
220
204
-109
224
-300
239
222
-300
222
186
-300
235
224
231
236
82
96
227
170
276
194
196
194
-300
244
157
-10
223
-300
232
203
263
154
-300
198
-300
227
217
189
249
-300
237
197
263
255
218
202
-300
233
229
228
176
246
-300
228
253
188
256
185
255
213
202
-300
-300
253
210
250
229
-300
246
252
280
192
222
285
264
223
230
240
-300
-300
-300
211
235
224
234
116
213
215
237
217
282
237
139
236
167
213
236
137
231
-80
167
210
235
-72
224
129
229
232
229
108
201
218
-300
266
254
233
193
233
200
233
47
219
226
254
209
236
246
271
231
246
176
205
-300
251
196
216
268
189
105
-300
253
160
199
-300
214
245
261
231
-300
219
256
-300
225
240
274
230
225
214
247
239
200
295
150
204
231
212
184
-56
166
239
190
229
205
-300
230
92
247
239
234
181
232
256
228
240
163
225
-300
-300
-300
201
201
224
218
243
-300
190
-149
252
259
235
-300
207
176
163
213
251
228
224
259
219
198
220
202
204
250
206
-300
-300
221
208
252
223
-300
238
218
-300
232
213
251
253
292
152
212
212
217
264
228
204
-300
-300
219
224
253
232
263
218
-114
210
-78
193
222
244
258
88
211
-300
237
-111
105
277
151
-73
255
196
214
241
228
212
130
226
188
189
102
240
254
280
228
225
193
104
230
-300
249
223
-300
-300
208
184
211
294
223
222
243
147
231
187
185
208
-300
196
240
223
218
224
255
291
232
186
130
-300
186
125
217
239
177
219
-300
242
233
216
85
192
229
242
204
233
184
225
206
190
114
241
209
244
233
-300
155
96
245
226
221
234
122
248
-300
96
219
206
175
252
-300
276
188
191
279
235
-59
228
182
226
219
231
196
218
219
-63
-172
233
108
201
202
226
200
229
259
203
245
259
199
194
231
268
69
206
244
232
-118
178
191
221
205
190
232
-94
232
173
207
-300
231
267
187
151
-74
244
226
-300
202
200
47
261
168
244
205
230
228
66
231
268
252
271
-93
257
224
-300
60
195
216
190
180
254
210
240
196
246
232
-300
249
252
211
-300
123
222
-300
237
-300
237
-136
237
199
248
189
258
-300
166
259
231
263
177
196
-300
193
200
260
243
-300
242
171
218
155
207
144
250
-176
-133
233
213
187
232
207
185
231
-243
226
206
218
202
244
235
241
245
251
200
219
241
-300
-300
200
-120
168
236
-113
214
223
223
